
*** Voronoi Diagram Neighbours k = 2326 ***
Seed	Neighbours
N2326(1)	{ 1158 1967 1588 43 }
N2326(2)	{ 1967 43 2243 2245 2244 1937 2289 2108 1722 }
N2326(3)	{ 2162 2158 2243 1822 1070 2322 2321 43 }
N2326(4)	{ 1241 2203 680 7 }
N2326(5)	{ 522 250 252 472 621 620 192 }
N2326(6)	{ 528 194 1336 474 193 }
N2326(7)	{ 46 942 720 2203 4 44 }
N2326(8)	{ 1339 1340 1823 1338 1497 2277 2157 1778 }
N2326(9)	{ 2029 1764 10 2108 15 1826 }
N2326(10)	{ 2029 1929 9 2043 416 15 }
N2326(11)	{ 670 669 2151 1347 1167 2315 1351 810 }
N2326(12)	{ 1378 2194 1377 1702 2198 2075 1538 }
N2326(13)	{ 1572 1881 1571 1706 640 1971 642 1970 }
N2326(14)	{ 856 263 855 2002 98 1573 }
N2326(15)	{ 2043 10 9 2318 1893 2108 }
N2326(16)	{ 419 1705 418 1704 750 2101 2168 1816 2167 }
N2326(17)	{ 72 71 430 2188 2172 2017 }
N2326(18)	{ 806 2083 805 1856 2304 2232 2080 }
N2326(19)	{ 1094 1298 1099 1410 889 1097 }
N2326(20)	{ 25 654 1129 909 1722 910 }
N2326(21)	{ 654 653 2112 953 2111 2325 2182 25 }
N2326(22)	{ 1479 1275 1478 1035 2274 2273 2088 }
N2326(23)	{ 81 1213 82 1212 1864 1404 818 }
N2326(24)	{ 2169 2182 2326 2170 2325 }
N2326(25)	{ 654 20 21 2326 2325 }
N2326(26)	{ 914 913 2200 655 657 }
N2326(27)	{ 1835 1836 1766 1834 }
N2326(28)	{ 196 272 197 990 271 100 }
N2326(29)	{ 1844 1838 2279 1839 1841 }
N2326(30)	{ 86 1251 1046 819 2126 85 1045 }
N2326(31)	{ 1545 2154 1233 1989 2227 2153 1799 }
N2326(32)	{ 919 1136 1780 1867 1783 1904 1607 1007 }
N2326(33)	{ 916 1796 38 659 }
N2326(34)	{ 1423 1782 1499 1917 1745 1500 }
N2326(35)	{ 1237 1641 1204 1486 1455 2326 1900 }
N2326(36)	{ 2122 2052 2123 2053 1205 }
N2326(37)	{ 40 195 1515 835 64 1854 709 400 }
N2326(38)	{ 916 1000 33 1797 662 1796 1543 2008 2007 1734 }
N2326(39)	{ 1886 1976 1978 1975 1977 }
N2326(40)	{ 195 37 100 779 920 853 }
N2326(41)	{ 1675 687 1676 1678 1674 1677 }
N2326(42)	{ 2187 2186 2323 2322 2184 }
N2326(43)	{ 1967 1 1158 2243 2 2322 3 2186 }
N2326(44)	{ 286 46 276 2203 1689 7 }
N2326(45)	{ 285 201 198 861 200 783 }
N2326(46)	{ 44 286 7 944 720 473 }
N2326(47)	{ 202 426 206 205 721 204 203 }
N2326(48)	{ 989 553 1344 2113 1982 2058 }
N2326(49)	{ 428 209 429 210 427 }
N2326(50)	{ 568 794 1353 1935 125 1679 }
N2326(51)	{ 1502 1960 1785 1503 }
N2326(52)	{ 1698 1699 1806 969 1980 1725 53 }
N2326(53)	{ 1577 1806 1576 1980 1724 52 }
N2326(54)	{ 576 1358 1346 212 1527 573 1345 }
N2326(55)	{ 215 214 211 1358 213 212 }
N2326(56)	{ 862 586 1691 216 356 }
N2326(57)	{ 877 1558 1800 2315 810 2035 }
N2326(58)	{ 1348 1349 1347 2286 1350 1351 }
N2326(59)	{ 1160 1159 1600 1161 1163 }
N2326(60)	{ 1964 1997 2057 1963 1998 }
N2326(61)	{ 218 501 219 220 981 221 222 }
N2326(62)	{ 225 502 224 223 506 226 503 }
N2326(63)	{ 228 510 231 227 2248 230 229 }
N2326(64)	{ 400 598 513 37 1850 1515 66 }
N2326(65)	{ 232 608 605 234 }
N2326(66)	{ 598 1850 1362 64 }
N2326(67)	{ 1166 1167 1437 1165 1438 1164 1184 }
N2326(68)	{ 971 1186 1771 1417 1741 }
N2326(69)	{ 70 2190 2129 2189 }
N2326(70)	{ 2129 2128 2017 2189 2188 69 }
N2326(71)	{ 72 1470 1469 17 2252 1254 2017 }
N2326(72)	{ 17 430 757 71 1469 2023 1386 2018 }
N2326(73)	{ 765 2061 764 2062 74 2026 }
N2326(74)	{ 2061 2060 2062 2059 73 }
N2326(75)	{ 741 1550 1620 616 1934 1933 1931 }
N2326(76)	{ 238 237 403 236 235 }
N2326(77)	{ 2237 405 1213 2247 713 2246 }
N2326(78)	{ 242 729 240 726 1520 406 241 }
N2326(79)	{ 817 80 1505 816 818 2126 88 85 }
N2326(80)	{ 818 79 2129 88 81 }
N2326(81)	{ 818 23 82 1682 2129 80 1683 }
N2326(82)	{ 23 1682 81 2246 1213 1348 }
N2326(83)	{ 409 992 408 180 2266 181 182 }
N2326(84)	{ 185 2266 182 2265 }
N2326(85)	{ 86 817 665 2126 79 30 }
N2326(86)	{ 85 30 665 1871 819 1008 }
N2326(87)	{ 825 1870 819 1869 1915 1911 824 }
N2326(88)	{ 79 2126 2127 2129 80 2128 }
N2326(89)	{ 437 673 438 672 }
N2326(90)	{ 864 113 1336 525 2308 247 835 }
N2326(91)	{ 253 254 255 257 256 194 }
N2326(92)	{ 260 261 530 259 529 440 }
N2326(93)	{ 1847 1013 2231 1848 1846 }
N2326(94)	{ 1014 1016 1019 1015 1848 2302 1727 2230 }
N2326(95)	{ 1850 1515 1362 2002 1573 1188 }
N2326(96)	{ 447 443 674 444 446 }
N2326(97)	{ 263 264 266 262 265 }
N2326(98)	{ 263 262 703 704 2002 14 1188 }
N2326(99)	{ 532 268 533 269 270 }
N2326(100)	{ 272 195 779 40 990 28 469 }
N2326(101)	{ 677 678 776 679 1561 448 675 }
N2326(102)	{ 180 538 776 755 450 }
N2326(103)	{ 1246 975 977 1548 976 683 }
N2326(104)	{ 1012 686 685 1675 687 688 }
N2326(105)	{ 276 286 2078 2240 2163 453 }
N2326(106)	{ 452 1392 2240 453 1700 }
N2326(107)	{ 277 453 1141 278 1394 778 987 }
N2326(108)	{ 540 280 278 689 922 690 541 }
N2326(109)	{ 693 694 1849 692 695 }
N2326(110)	{ 518 283 438 282 556 543 454 }
N2326(111)	{ 331 112 330 200 565 459 479 }
N2326(112)	{ 200 111 331 2292 201 2079 }
N2326(113)	{ 835 90 1717 723 864 }
N2326(114)	{ 290 289 581 288 287 }
N2326(115)	{ 1168 584 722 1173 552 484 }
N2326(116)	{ 291 292 457 294 483 456 293 }
N2326(117)	{ 297 299 298 457 295 296 }
N2326(118)	{ 301 988 303 302 1173 300 552 }
N2326(119)	{ 989 304 307 988 1981 306 1352 }
N2326(120)	{ 310 311 555 312 313 1516 309 308 }
N2326(121)	{ 315 318 314 1516 316 317 }
N2326(122)	{ 322 123 321 561 493 323 560 }
N2326(123)	{ 122 323 322 325 326 562 458 324 }
N2326(124)	{ 459 330 566 460 461 }
N2326(125)	{ 331 461 568 567 1935 50 129 }
N2326(126)	{ 463 336 571 334 569 462 }
N2326(127)	{ 838 463 336 837 1680 1353 1354 }
N2326(128)	{ 1680 1354 1806 1679 969 }
N2326(129)	{ 1935 125 2079 1574 331 }
N2326(130)	{ 1169 1515 1506 1851 1345 835 }
N2326(131)	{ 339 341 132 337 595 338 575 }
N2326(132)	{ 339 131 342 341 343 340 133 }
N2326(133)	{ 132 342 345 343 348 344 134 }
N2326(134)	{ 347 345 133 348 581 349 346 }
N2326(135)	{ 787 136 582 1946 1690 583 }
N2326(136)	{ 582 580 138 787 135 786 }
N2326(137)	{ 351 216 353 350 352 }
N2326(138)	{ 578 580 579 136 2204 139 786 }
N2326(139)	{ 578 577 1983 596 585 2204 587 786 138 }
N2326(140)	{ 354 586 357 736 355 365 }
N2326(141)	{ 978 142 699 1884 696 1883 }
N2326(142)	{ 141 979 978 700 1684 143 696 }
N2326(143)	{ 700 142 1684 1847 1013 1685 }
N2326(144)	{ 964 222 218 1573 963 1359 }
N2326(145)	{ 359 589 161 591 361 360 }
N2326(146)	{ 1355 1616 1615 1249 1875 1874 859 }
N2326(147)	{ 1250 981 1249 1947 774 1874 }
N2326(148)	{ 368 154 369 266 2069 502 734 }
N2326(149)	{ 857 445 464 980 504 446 }
N2326(150)	{ 505 857 464 860 465 466 }
N2326(151)	{ 365 506 363 503 2130 362 366 }
N2326(152)	{ 512 703 511 993 1169 994 704 }
N2326(153)	{ 154 370 703 367 512 }
N2326(154)	{ 368 367 148 153 2248 369 370 }
N2326(155)	{ 374 371 2130 372 373 }
N2326(156)	{ 468 467 376 596 378 377 }
N2326(157)	{ 404 173 597 380 604 381 385 }
N2326(158)	{ 383 382 384 1528 600 604 }
N2326(159)	{ 386 387 600 1529 1528 389 }
N2326(160)	{ 161 391 610 866 865 359 }
N2326(161)	{ 359 160 589 145 609 390 391 }
N2326(162)	{ 930 706 237 1518 173 707 }
N2326(163)	{ 867 164 795 1517 392 1021 }
N2326(164)	{ 392 737 867 738 163 }
N2326(165)	{ 166 396 615 397 708 183 267 }
N2326(166)	{ 165 396 399 470 183 411 }
N2326(167)	{ 802 1032 1510 1888 2104 1932 2103 }
N2326(168)	{ 1509 1511 1510 2093 1507 1508 }
N2326(169)	{ 532 1512 863 269 2093 1513 1508 }
N2326(170)	{ 401 403 402 235 618 172 270 }
N2326(171)	{ 236 402 1174 1961 237 2056 1962 2013 }
N2326(172)	{ 514 235 513 170 1854 618 400 }
N2326(173)	{ 404 237 157 1518 385 162 }
N2326(174)	{ 711 1383 1687 712 1628 }
N2326(175)	{ 1172 516 1171 1701 515 1170 }
N2326(176)	{ 516 241 1401 1402 1827 1172 1630 }
N2326(177)	{ 839 1520 407 1521 406 2152 1211 1514 }
N2326(178)	{ 409 271 991 408 990 }
N2326(179)	{ 275 991 469 992 408 538 }
N2326(180)	{ 102 992 83 538 450 1834 2283 1907 181 }
N2326(181)	{ 83 2283 180 2266 }
N2326(182)	{ 409 536 534 185 2266 83 84 }
N2326(183)	{ 273 470 166 184 165 709 708 272 }
N2326(184)	{ 412 273 470 183 410 }
N2326(185)	{ 536 182 413 1618 1617 2265 84 186 }
N2326(186)	{ 1618 2103 1888 1619 2265 185 1271 }
N2326(187)	{ 829 983 1047 1048 1490 191 1287 }
N2326(188)	{ 243 982 1251 1357 730 1356 }
N2326(189)	{ 831 1208 1719 1210 2208 833 834 }
N2326(190)	{ 2068 2064 2173 1721 2065 }
N2326(191)	{ 829 187 1490 2252 1252 2017 }
N2326(192)	{ 523 250 5 621 732 521 718 }
N2326(193)	{ 194 526 253 1336 6 525 }
N2326(194)	{ 253 91 257 193 6 530 259 528 }
N2326(195)	{ 40 100 709 272 37 }
N2326(196)	{ 28 197 271 536 475 534 }
N2326(197)	{ 28 475 196 272 }
N2326(198)	{ 285 547 284 783 45 476 }
N2326(199)	{ 563 478 861 479 783 477 }
N2326(200)	{ 201 112 111 861 479 45 }
N2326(201)	{ 200 45 524 285 252 286 2292 112 2078 }
N2326(202)	{ 47 481 203 480 485 482 206 }
N2326(203)	{ 202 497 481 346 721 47 287 }
N2326(204)	{ 205 721 47 722 484 290 }
N2326(205)	{ 47 483 426 204 551 293 484 }
N2326(206)	{ 47 485 482 202 486 426 292 }
N2326(207)	{ 488 489 563 487 564 328 490 }
N2326(208)	{ 492 494 491 428 561 493 320 }
N2326(209)	{ 324 210 49 495 428 323 }
N2326(210)	{ 209 49 562 324 327 566 429 329 }
N2326(211)	{ 55 215 212 496 1717 1361 723 }
N2326(212)	{ 211 1358 55 54 1851 1345 723 }
N2326(213)	{ 214 343 1358 55 1346 }
N2326(214)	{ 55 213 343 347 345 215 }
N2326(215)	{ 55 347 214 211 497 496 346 }
N2326(216)	{ 351 137 862 217 1691 56 352 }
N2326(217)	{ 351 787 583 862 498 216 }
N2326(218)	{ 222 61 219 1359 499 144 }
N2326(219)	{ 218 499 501 61 590 500 361 }
N2326(220)	{ 61 591 501 1615 221 360 }
N2326(221)	{ 222 61 981 1249 1615 1355 220 }
N2326(222)	{ 218 144 221 61 1250 981 964 }
N2326(223)	{ 502 369 503 362 62 }
N2326(224)	{ 62 225 504 2069 502 980 }
N2326(225)	{ 62 224 504 507 505 226 }
N2326(226)	{ 506 62 507 225 363 }
N2326(227)	{ 509 508 228 510 375 63 }
N2326(228)	{ 63 227 509 512 229 511 }
N2326(229)	{ 512 228 2248 63 370 }
N2326(230)	{ 372 231 2248 63 369 }
N2326(231)	{ 372 230 371 376 510 468 63 }
N2326(232)	{ 234 233 65 606 386 605 }
N2326(233)	{ 232 386 234 391 865 610 389 }
N2326(234)	{ 232 233 65 609 391 608 }
N2326(235)	{ 403 76 170 172 619 514 238 }
N2326(236)	{ 237 171 403 76 402 }
N2326(237)	{ 236 76 404 238 173 162 2013 930 171 }
N2326(238)	{ 76 404 237 619 380 235 }
N2326(239)	{ 726 727 2250 1688 725 }
N2326(240)	{ 241 78 515 1852 1701 729 }
N2326(241)	{ 240 516 515 176 1520 78 1401 }
N2326(242)	{ 78 727 726 1519 406 711 }
N2326(243)	{ 730 244 188 246 1047 983 982 }
N2326(244)	{ 246 730 243 1775 245 2208 1721 517 }
N2326(245)	{ 246 985 1775 1466 244 }
N2326(246)	{ 244 983 243 829 985 984 245 }
N2326(247)	{ 1336 455 2308 672 90 }
N2326(248)	{ 518 283 521 249 519 }
N2326(249)	{ 518 248 438 732 731 521 }
N2326(250)	{ 522 5 523 192 251 }
N2326(251)	{ 250 524 522 546 523 284 }
N2326(252)	{ 473 286 472 5 524 201 522 }
N2326(253)	{ 194 91 526 254 193 }
N2326(254)	{ 91 294 255 253 527 526 291 }
N2326(255)	{ 91 254 294 299 256 295 }
N2326(256)	{ 91 257 255 314 260 299 }
N2326(257)	{ 91 194 260 259 256 }
N2326(258)	{ 529 320 528 559 492 474 }
N2326(259)	{ 260 257 530 194 92 }
N2326(260)	{ 259 257 92 256 318 261 314 }
N2326(261)	{ 260 318 440 92 321 }
N2326(262)	{ 263 97 368 266 703 367 98 }
N2326(263)	{ 262 98 97 856 264 14 }
N2326(264)	{ 97 733 265 856 447 263 }
N2326(265)	{ 97 264 266 945 733 734 }
N2326(266)	{ 97 368 262 734 265 148 }
N2326(267)	{ 615 268 270 165 1854 708 618 }
N2326(268)	{ 270 532 99 615 531 267 }
N2326(269)	{ 532 99 169 1961 533 1513 }
N2326(270)	{ 268 533 99 401 618 170 267 }
N2326(271)	{ 534 196 409 990 178 28 }
N2326(272)	{ 28 100 197 535 475 273 709 183 195 }
N2326(273)	{ 183 184 535 272 412 }
N2326(274)	{ 424 735 853 754 779 }
N2326(275)	{ 538 179 735 469 537 }
N2326(276)	{ 286 453 105 1689 277 44 }
N2326(277)	{ 453 107 278 1689 276 539 }
N2326(278)	{ 277 540 539 108 1141 689 107 }
N2326(279)	{ 921 922 1393 987 1698 777 1157 2319 2185 1551 }
N2326(280)	{ 108 541 791 542 540 }
N2326(281)	{ 543 545 282 477 558 544 319 }
N2326(282)	{ 543 110 545 281 547 476 283 }
N2326(283)	{ 518 110 248 547 282 519 }
N2326(284)	{ 524 285 251 547 198 546 }
N2326(285)	{ 45 198 524 201 284 }
N2326(286)	{ 44 276 473 252 46 2078 201 105 }
N2326(287)	{ 581 346 114 721 290 203 }
N2326(288)	{ 581 114 349 1690 289 582 }
N2326(289)	{ 114 290 1168 722 288 1946 1690 350 }
N2326(290)	{ 114 721 287 722 204 289 }
N2326(291)	{ 294 116 254 548 527 292 }
N2326(292)	{ 116 206 291 549 485 548 550 486 456 }
N2326(293)	{ 457 483 116 551 296 484 205 }
N2326(294)	{ 291 254 255 457 116 295 }
N2326(295)	{ 299 255 457 294 117 }
N2326(296)	{ 297 457 117 551 293 300 }
N2326(297)	{ 117 296 1344 298 300 }
N2326(298)	{ 117 299 297 2058 1344 315 }
N2326(299)	{ 255 295 117 256 315 314 298 }
N2326(300)	{ 296 1173 118 551 1344 297 303 }
N2326(301)	{ 302 118 584 353 552 }
N2326(302)	{ 353 301 118 1352 988 352 }
N2326(303)	{ 988 118 304 1344 989 300 }
N2326(304)	{ 988 989 303 119 }
N2326(305)	{ 352 1691 1784 1960 1786 1981 1503 1352 }
N2326(306)	{ 1363 307 554 1981 1503 119 }
N2326(307)	{ 989 119 1363 553 306 }
N2326(308)	{ 322 326 325 313 1516 120 317 }
N2326(309)	{ 1516 120 1982 310 316 }
N2326(310)	{ 120 311 1982 309 1363 553 }
N2326(311)	{ 120 312 1363 310 554 }
N2326(312)	{ 311 555 120 335 1502 554 836 }
N2326(313)	{ 308 555 120 326 }
N2326(314)	{ 256 315 299 318 260 121 }
N2326(315)	{ 314 299 121 298 2113 316 2058 }
N2326(316)	{ 1516 121 309 2113 1982 315 }
N2326(317)	{ 318 322 321 1516 308 121 }
N2326(318)	{ 260 314 121 321 261 317 }
N2326(319)	{ 543 557 491 556 558 281 488 }
N2326(320)	{ 492 258 529 561 493 208 560 }
N2326(321)	{ 318 322 317 261 560 440 122 }
N2326(322)	{ 321 317 122 325 308 123 }
N2326(323)	{ 324 123 495 209 561 493 122 }
N2326(324)	{ 323 209 562 123 210 }
N2326(325)	{ 322 326 308 123 }
N2326(326)	{ 308 325 123 555 313 571 334 458 }
N2326(327)	{ 329 562 210 570 333 332 }
N2326(328)	{ 563 207 565 564 479 }
N2326(329)	{ 327 566 210 567 332 461 }
N2326(330)	{ 459 111 461 124 331 }
N2326(331)	{ 111 461 330 125 2079 129 112 }
N2326(332)	{ 329 567 570 327 568 }
N2326(333)	{ 569 562 570 327 462 }
N2326(334)	{ 571 126 326 572 463 555 }
N2326(335)	{ 572 555 312 838 463 836 }
N2326(336)	{ 463 126 462 570 1353 794 127 }
N2326(337)	{ 574 575 131 375 576 339 573 }
N2326(338)	{ 578 577 341 595 378 131 }
N2326(339)	{ 131 132 337 1346 340 576 }
N2326(340)	{ 132 1346 339 343 }
N2326(341)	{ 131 132 338 579 342 578 }
N2326(342)	{ 132 133 341 580 579 344 }
N2326(343)	{ 132 345 133 214 1346 340 213 }
N2326(344)	{ 133 580 342 348 }
N2326(345)	{ 133 343 347 214 134 }
N2326(346)	{ 347 497 203 215 581 134 287 }
N2326(347)	{ 345 214 134 215 346 }
N2326(348)	{ 133 134 344 582 349 580 }
N2326(349)	{ 581 134 582 348 288 }
N2326(350)	{ 137 351 353 1168 584 1946 289 583 }
N2326(351)	{ 137 216 583 350 217 }
N2326(352)	{ 353 137 1352 302 1691 216 305 }
N2326(353)	{ 137 352 302 584 350 301 }
N2326(354)	{ 140 355 357 1983 374 585 }
N2326(355)	{ 374 354 736 140 365 373 }
N2326(356)	{ 586 364 1433 1076 1691 56 1405 }
N2326(357)	{ 354 140 587 585 586 }
N2326(358)	{ 589 390 590 588 361 }
N2326(359)	{ 161 145 866 160 2063 388 360 }
N2326(360)	{ 591 145 220 2063 359 1615 }
N2326(361)	{ 589 590 358 219 591 501 145 }
N2326(362)	{ 369 503 223 2130 372 151 }
N2326(363)	{ 506 151 507 226 365 }
N2326(364)	{ 586 365 592 1076 1071 356 }
N2326(365)	{ 151 363 586 592 364 507 736 355 140 366 }
N2326(366)	{ 736 365 2130 373 151 }
N2326(367)	{ 368 154 703 153 262 }
N2326(368)	{ 266 148 262 154 367 }
N2326(369)	{ 372 362 502 223 148 2248 230 154 }
N2326(370)	{ 512 153 2248 229 154 }
N2326(371)	{ 372 155 376 231 374 }
N2326(372)	{ 371 369 230 231 2130 155 362 }
N2326(373)	{ 374 736 355 2130 155 366 }
N2326(374)	{ 355 155 373 371 376 1983 377 354 }
N2326(375)	{ 227 337 593 574 508 594 575 510 }
N2326(376)	{ 371 377 374 468 156 231 }
N2326(377)	{ 376 156 1983 374 596 }
N2326(378)	{ 595 467 338 596 577 156 }
N2326(379)	{ 602 597 619 380 514 }
N2326(380)	{ 404 597 157 619 379 238 }
N2326(381)	{ 603 597 604 384 157 }
N2326(382)	{ 599 383 600 158 387 }
N2326(383)	{ 158 382 599 603 384 601 }
N2326(384)	{ 603 383 604 158 381 }
N2326(385)	{ 157 173 604 1528 1549 1529 1518 }
N2326(386)	{ 389 159 233 606 232 387 }
N2326(387)	{ 600 382 159 606 386 599 }
N2326(388)	{ 866 1549 1529 2063 359 667 }
N2326(389)	{ 386 233 865 1529 159 866 }
N2326(390)	{ 589 358 588 609 161 607 }
N2326(391)	{ 609 161 234 610 233 160 }
N2326(392)	{ 164 163 1518 737 1517 }
N2326(393)	{ 796 1984 611 614 }
N2326(394)	{ 739 1638 1984 738 1853 }
N2326(395)	{ 738 739 946 740 737 }
N2326(396)	{ 165 166 616 399 397 }
N2326(397)	{ 165 396 617 615 616 }
N2326(398)	{ 399 1550 741 1617 1360 411 }
N2326(399)	{ 411 166 396 741 616 398 }
N2326(400)	{ 513 64 1854 172 37 }
N2326(401)	{ 170 270 1174 402 533 }
N2326(402)	{ 403 236 170 1174 171 401 }
N2326(403)	{ 236 76 402 235 170 }
N2326(404)	{ 238 237 380 173 157 }
N2326(405)	{ 1687 712 713 1514 2237 2152 77 }
N2326(406)	{ 242 1520 78 1521 1519 177 }
N2326(407)	{ 841 839 840 1520 177 1401 }
N2326(408)	{ 409 991 178 992 83 179 }
N2326(409)	{ 178 408 83 534 271 182 }
N2326(410)	{ 413 412 470 411 184 }
N2326(411)	{ 399 470 166 410 1617 398 413 }
N2326(412)	{ 184 410 273 536 535 413 }
N2326(413)	{ 410 536 412 1617 411 185 }
N2326(414)	{ 780 948 745 743 2308 742 835 }
N2326(415)	{ 471 747 746 948 745 744 }
N2326(416)	{ 1288 417 2043 842 10 2109 1945 2301 1929 1672 }
N2326(417)	{ 1334 1288 1148 1945 416 953 }
N2326(418)	{ 16 419 2324 2212 1705 }
N2326(419)	{ 16 2001 750 2212 1714 418 }
N2326(420)	{ 847 1060 848 850 1715 852 851 }
N2326(421)	{ 900 915 911 896 2324 2213 422 }
N2326(422)	{ 2199 915 1938 2324 421 1672 }
N2326(423)	{ 790 755 961 854 424 }
N2326(424)	{ 735 274 790 537 961 423 754 }
N2326(425)	{ 1796 659 2031 2225 1795 2032 }
N2326(426)	{ 47 205 486 206 483 }
N2326(427)	{ 49 490 429 494 428 489 }
N2326(428)	{ 49 494 208 427 495 209 493 }
N2326(429)	{ 49 427 564 490 566 460 210 }
N2326(430)	{ 757 72 756 761 764 2172 2061 17 }
N2326(431)	{ 756 1391 757 760 1990 1390 1791 }
N2326(432)	{ 1523 1692 1694 1522 1693 1526 }
N2326(433)	{ 762 1694 2242 2094 434 }
N2326(434)	{ 762 763 761 2242 433 2305 2241 435 }
N2326(435)	{ 765 763 436 1190 1896 2305 434 2280 }
N2326(436)	{ 1190 435 1605 1189 2026 1604 765 }
N2326(437)	{ 438 672 89 454 }
N2326(438)	{ 454 437 518 110 89 731 249 673 }
N2326(439)	{ 780 788 520 2202 672 742 }
N2326(440)	{ 261 530 92 560 321 529 }
N2326(441)	{ 768 769 767 2141 2132 2131 }
N2326(442)	{ 1194 767 2140 1860 2132 }
N2326(443)	{ 96 444 772 856 447 855 }
N2326(444)	{ 96 443 774 674 963 772 773 }
N2326(445)	{ 446 149 857 1695 674 858 }
N2326(446)	{ 674 96 445 447 733 980 149 945 }
N2326(447)	{ 96 733 446 856 443 264 }
N2326(448)	{ 776 1561 755 101 }
N2326(449)	{ 679 678 1140 677 450 2031 1835 659 }
N2326(450)	{ 776 102 679 180 1835 1834 449 }
N2326(451)	{ 1699 1697 1629 1700 1392 1696 }
N2326(452)	{ 453 1392 106 1393 778 777 }
N2326(453)	{ 276 277 778 452 107 2240 105 106 }
N2326(454)	{ 438 556 110 672 437 455 }
N2326(455)	{ 556 557 672 454 1336 559 247 }
N2326(456)	{ 116 550 486 292 483 }
N2326(457)	{ 116 294 293 295 117 296 }
N2326(458)	{ 123 562 571 326 569 }
N2326(459)	{ 330 124 460 565 111 564 }
N2326(460)	{ 564 459 566 124 429 }
N2326(461)	{ 330 331 566 124 567 329 125 }
N2326(462)	{ 570 333 336 571 126 569 }
N2326(463)	{ 126 336 572 334 838 127 335 }
N2326(464)	{ 505 504 857 149 150 }
N2326(465)	{ 857 150 1875 858 860 }
N2326(466)	{ 505 507 592 826 860 150 859 }
N2326(467)	{ 156 468 595 378 594 }
N2326(468)	{ 156 376 231 594 467 510 }
N2326(469)	{ 275 779 735 100 991 179 990 }
N2326(470)	{ 166 183 411 184 410 }
N2326(471)	{ 415 780 745 746 789 781 520 }
N2326(472)	{ 252 5 620 782 943 941 473 }
N2326(473)	{ 252 286 941 472 944 46 943 }
N2326(474)	{ 528 258 1336 6 559 }
N2326(475)	{ 197 272 536 535 196 }
N2326(476)	{ 545 547 282 783 198 477 }
N2326(477)	{ 478 545 281 544 476 861 199 783 }
N2326(478)	{ 544 477 563 487 199 }
N2326(479)	{ 563 565 111 328 861 199 200 }
N2326(480)	{ 202 482 1361 481 784 }
N2326(481)	{ 202 497 203 1361 496 480 }
N2326(482)	{ 202 206 784 485 480 }
N2326(483)	{ 116 293 205 426 550 486 456 }
N2326(484)	{ 293 205 722 204 1173 551 115 }
N2326(485)	{ 202 206 292 482 785 784 549 }
N2326(486)	{ 206 426 550 292 483 456 }
N2326(487)	{ 558 544 488 563 207 478 }
N2326(488)	{ 207 494 491 489 558 487 319 }
N2326(489)	{ 490 207 494 488 427 }
N2326(490)	{ 489 427 564 207 429 }
N2326(491)	{ 494 208 488 557 492 319 }
N2326(492)	{ 208 320 491 559 557 258 }
N2326(493)	{ 495 428 561 208 323 122 320 }
N2326(494)	{ 208 491 428 488 489 427 }
N2326(495)	{ 428 209 493 323 }
N2326(496)	{ 497 215 1361 481 211 }
N2326(497)	{ 481 203 496 346 215 }
N2326(498)	{ 787 862 786 217 }
N2326(499)	{ 219 1359 218 500 }
N2326(500)	{ 590 219 588 1359 499 607 }
N2326(501)	{ 61 219 591 361 220 }
N2326(502)	{ 223 62 369 2069 224 148 }
N2326(503)	{ 223 362 506 151 62 }
N2326(504)	{ 505 464 225 980 149 224 }
N2326(505)	{ 504 464 150 507 225 466 }
N2326(506)	{ 363 151 226 503 62 }
N2326(507)	{ 505 225 226 363 592 365 466 }
N2326(508)	{ 227 375 993 511 509 593 }
N2326(509)	{ 227 228 993 508 511 }
N2326(510)	{ 231 227 63 594 375 468 }
N2326(511)	{ 512 228 993 508 509 152 }
N2326(512)	{ 229 370 228 511 703 153 152 }
N2326(513)	{ 400 172 598 64 514 }
N2326(514)	{ 172 513 602 598 619 379 235 }
N2326(515)	{ 516 241 1701 175 240 }
N2326(516)	{ 515 241 1172 175 176 }
N2326(517)	{ 1357 730 2208 834 244 }
N2326(518)	{ 248 249 283 438 110 }
N2326(519)	{ 248 521 523 547 283 546 }
N2326(520)	{ 780 439 789 781 471 788 }
N2326(521)	{ 248 523 519 732 249 192 }
N2326(522)	{ 5 250 524 252 251 }
N2326(523)	{ 521 192 250 546 519 251 }
N2326(524)	{ 285 201 284 252 522 251 }
N2326(525)	{ 864 526 1336 193 90 }
N2326(526)	{ 253 193 254 864 525 527 }
N2326(527)	{ 254 291 864 548 526 }
N2326(528)	{ 474 6 258 530 194 529 }
N2326(529)	{ 258 530 92 528 560 440 320 }
N2326(530)	{ 259 194 92 528 529 440 }
N2326(531)	{ 268 615 863 532 617 }
N2326(532)	{ 268 99 269 863 531 169 }
N2326(533)	{ 99 270 401 1961 269 1174 }
N2326(534)	{ 271 409 536 196 182 }
N2326(535)	{ 272 273 536 475 412 }
N2326(536)	{ 535 475 412 196 534 182 185 413 }
N2326(537)	{ 735 275 790 424 538 }
N2326(538)	{ 275 102 790 755 537 992 179 180 }
N2326(539)	{ 278 791 540 692 277 2203 691 1689 }
N2326(540)	{ 108 278 791 280 539 }
N2326(541)	{ 280 108 1196 542 922 }
N2326(542)	{ 280 793 791 1196 792 541 }
N2326(543)	{ 282 281 556 110 319 }
N2326(544)	{ 478 545 477 558 487 281 }
N2326(545)	{ 281 282 544 476 477 }
N2326(546)	{ 523 251 547 519 284 }
N2326(547)	{ 476 282 198 283 519 546 284 }
N2326(548)	{ 291 292 549 864 785 527 }
N2326(549)	{ 292 785 485 548 }
N2326(550)	{ 486 292 483 456 }
N2326(551)	{ 293 296 205 1173 300 484 }
N2326(552)	{ 584 301 1173 118 115 }
N2326(553)	{ 989 307 1982 310 1363 48 }
N2326(554)	{ 1363 311 312 1503 1502 306 }
N2326(555)	{ 312 120 313 326 572 335 334 }
N2326(556)	{ 543 110 454 557 319 455 }
N2326(557)	{ 491 319 556 559 492 455 }
N2326(558)	{ 544 487 281 488 319 }
N2326(559)	{ 557 492 258 1336 474 455 }
N2326(560)	{ 440 321 529 561 320 122 }
N2326(561)	{ 493 208 323 320 560 122 }
N2326(562)	{ 123 324 210 327 569 333 458 }
N2326(563)	{ 487 207 478 328 479 199 }
N2326(564)	{ 207 460 429 490 565 459 328 }
N2326(565)	{ 459 111 564 479 328 }
N2326(566)	{ 124 460 461 429 210 329 }
N2326(567)	{ 329 461 568 125 332 }
N2326(568)	{ 125 567 332 794 50 570 }
N2326(569)	{ 333 562 571 126 462 458 }
N2326(570)	{ 333 327 462 332 794 568 336 }
N2326(571)	{ 126 334 462 326 458 569 }
N2326(572)	{ 335 463 555 334 }
N2326(573)	{ 576 337 574 1527 994 54 }
N2326(574)	{ 337 375 593 994 573 993 }
N2326(575)	{ 337 375 595 594 131 }
N2326(576)	{ 337 573 1346 339 54 }
N2326(577)	{ 578 338 596 378 139 }
N2326(578)	{ 577 338 139 579 341 138 }
N2326(579)	{ 341 578 580 342 138 }
N2326(580)	{ 579 342 138 344 582 348 136 }
N2326(581)	{ 349 134 288 346 287 114 }
N2326(582)	{ 349 348 580 136 1690 288 135 }
N2326(583)	{ 351 787 217 1946 135 350 }
N2326(584)	{ 353 301 552 1168 115 350 }
N2326(585)	{ 587 357 1983 354 139 }
N2326(586)	{ 140 365 364 356 357 56 2204 587 862 }
N2326(587)	{ 357 585 2204 139 586 }
N2326(588)	{ 590 358 607 500 390 }
N2326(589)	{ 161 145 390 361 358 }
N2326(590)	{ 588 358 500 361 219 }
N2326(591)	{ 361 501 145 220 360 }
N2326(592)	{ 365 507 466 1071 826 364 }
N2326(593)	{ 375 993 508 574 }
N2326(594)	{ 375 468 510 595 467 575 }
N2326(595)	{ 378 467 338 594 575 131 }
N2326(596)	{ 577 378 156 1983 377 139 }
N2326(597)	{ 157 380 379 603 381 602 }
N2326(598)	{ 64 513 514 602 1362 605 66 }
N2326(599)	{ 382 383 606 387 601 }
N2326(600)	{ 382 387 1528 158 159 }
N2326(601)	{ 603 383 602 606 605 599 }
N2326(602)	{ 379 514 603 597 605 601 598 }
N2326(603)	{ 383 384 601 381 597 602 }
N2326(604)	{ 384 381 157 1528 158 385 }
N2326(605)	{ 602 606 232 601 65 1362 608 598 }
N2326(606)	{ 232 386 605 387 599 601 }
N2326(607)	{ 588 609 390 500 1362 608 1359 }
N2326(608)	{ 65 609 234 1362 605 607 }
N2326(609)	{ 390 161 607 391 234 608 }
N2326(610)	{ 391 865 233 160 }
N2326(611)	{ 796 795 1984 393 867 }
N2326(612)	{ 796 613 2041 2317 795 2287 }
N2326(613)	{ 796 614 1165 1166 1995 2041 612 1996 }
N2326(614)	{ 796 613 1165 1437 1650 1984 393 1853 }
N2326(615)	{ 165 267 268 617 397 531 }
N2326(616)	{ 396 397 741 399 1933 617 75 }
N2326(617)	{ 397 615 531 1933 863 616 }
N2326(618)	{ 170 270 1854 267 172 }
N2326(619)	{ 379 380 514 238 235 }
N2326(620)	{ 5 746 621 782 472 747 }
N2326(621)	{ 5 192 718 747 620 746 }
N2326(622)	{ 1366 2070 1808 2259 1367 1365 }
N2326(623)	{ 630 2070 1374 1633 2299 2298 1365 }
N2326(624)	{ 2070 2071 2074 1968 2072 }
N2326(625)	{ 1593 626 1928 1927 642 1972 1811 1971 }
N2326(626)	{ 1593 1927 625 2015 1594 1926 }
N2326(627)	{ 1407 1406 874 1803 876 1562 }
N2326(628)	{ 797 1530 1532 1531 798 }
N2326(629)	{ 1373 1372 1908 1369 1370 }
N2326(630)	{ 1407 1552 1374 876 1633 1408 623 }
N2326(631)	{ 1078 1088 1081 1558 877 1084 }
N2326(632)	{ 1089 1085 1877 1406 1433 2309 1083 874 }
N2326(633)	{ 634 2097 2196 1535 2098 1536 }
N2326(634)	{ 1538 1378 1535 1624 1375 2097 633 1537 }
N2326(635)	{ 1378 1377 1626 1376 1375 }
N2326(636)	{ 2138 2193 2192 2194 2191 637 }
N2326(637)	{ 1813 2193 1598 2194 636 1703 }
N2326(638)	{ 1707 2075 2077 2076 1706 }
N2326(639)	{ 1090 2195 2196 2198 1091 2197 }
N2326(640)	{ 13 1572 2030 2024 2073 1623 1970 }
N2326(641)	{ 1569 1879 1570 2195 882 1090 }
N2326(642)	{ 1706 1928 1178 1971 625 13 }
N2326(643)	{ 886 887 644 891 2213 888 2212 }
N2326(644)	{ 890 886 891 643 893 645 889 }
N2326(645)	{ 893 644 1539 891 892 }
N2326(646)	{ 995 997 996 1099 897 898 }
N2326(647)	{ 1307 1389 651 2021 1388 648 }
N2326(648)	{ 1221 1307 1309 1108 1306 2021 647 1104 }
N2326(649)	{ 650 1599 1323 1759 651 1113 }
N2326(650)	{ 1323 649 1525 1121 1992 1524 651 }
N2326(651)	{ 647 1759 1307 649 1992 650 1389 }
N2326(652)	{ 908 909 1495 1127 1129 }
N2326(653)	{ 909 654 953 21 908 }
N2326(654)	{ 25 21 909 20 653 }
N2326(655)	{ 914 2199 915 2200 658 26 }
N2326(656)	{ 913 915 914 1130 912 911 }
N2326(657)	{ 913 998 1182 2200 1452 26 }
N2326(658)	{ 2199 2047 655 2201 2200 2048 }
N2326(659)	{ 1140 916 1796 33 2031 425 449 }
N2326(660)	{ 1000 1140 999 916 }
N2326(661)	{ 1542 2010 1987 2220 2009 1541 }
N2326(662)	{ 1543 38 1798 1544 1797 }
N2326(663)	{ 1259 1004 1258 1005 2042 1885 1001 }
N2326(664)	{ 1009 1008 1006 1904 1265 1007 }
N2326(665)	{ 817 85 86 1008 1978 666 1009 }
N2326(666)	{ 817 665 2255 1712 1978 }
N2326(667)	{ 1771 1741 1829 1736 1549 2063 388 1616 }
N2326(668)	{ 1709 1185 1741 1186 1708 }
N2326(669)	{ 11 1167 1185 1184 1418 972 670 }
N2326(670)	{ 11 810 877 669 1073 1431 2260 1418 1910 }
N2326(671)	{ 1382 1381 826 1771 1379 1616 }
N2326(672)	{ 437 454 455 89 788 673 439 2308 247 2202 }
N2326(673)	{ 89 438 788 731 672 }
N2326(674)	{ 96 446 444 1695 445 774 }
N2326(675)	{ 677 1010 775 676 1561 101 962 }
N2326(676)	{ 675 1010 1138 1011 1140 677 999 }
N2326(677)	{ 675 678 101 1140 676 449 }
N2326(678)	{ 677 679 449 101 }
N2326(679)	{ 678 449 776 101 450 }
N2326(680)	{ 1245 1241 681 2203 691 4 }
N2326(681)	{ 1245 680 1547 691 976 }
N2326(682)	{ 1547 695 1548 685 976 }
N2326(683)	{ 1548 103 1710 977 688 }
N2326(684)	{ 1817 1742 1247 1966 1587 1187 }
N2326(685)	{ 1012 104 695 1548 682 688 }
N2326(686)	{ 1012 104 1196 694 687 }
N2326(687)	{ 1196 686 1675 104 1676 1157 41 }
N2326(688)	{ 1548 685 104 1710 683 1675 }
N2326(689)	{ 108 690 1141 278 921 }
N2326(690)	{ 689 922 108 921 }
N2326(691)	{ 681 1849 692 1547 2203 680 539 }
N2326(692)	{ 539 793 693 791 1849 109 691 }
N2326(693)	{ 109 793 692 1196 792 694 }
N2326(694)	{ 109 1012 695 1196 693 686 }
N2326(695)	{ 1012 694 685 682 1849 109 1547 }
N2326(696)	{ 1684 142 141 2190 1683 1884 }
N2326(697)	{ 923 924 925 927 698 926 }
N2326(698)	{ 697 1230 927 929 1883 923 699 }
N2326(699)	{ 978 1017 701 929 1883 698 141 }
N2326(700)	{ 142 143 979 1015 1014 1013 }
N2326(701)	{ 979 978 1017 702 699 }
N2326(702)	{ 979 701 1017 1019 1018 1016 }
N2326(703)	{ 153 367 512 262 704 98 152 }
N2326(704)	{ 703 152 98 1506 1188 1169 }
N2326(705)	{ 930 706 1145 931 934 }
N2326(706)	{ 930 162 705 934 1021 1020 707 }
N2326(707)	{ 706 1021 1518 1517 162 }
N2326(708)	{ 165 183 1854 267 709 }
N2326(709)	{ 183 272 195 1854 708 37 }
N2326(710)	{ 1385 724 2274 1383 1384 }
N2326(711)	{ 174 1385 1383 727 1519 242 712 }
N2326(712)	{ 711 1521 1519 1514 1687 174 405 }
N2326(713)	{ 405 804 2247 77 2149 1035 2275 1687 2273 }
N2326(714)	{ 1022 715 2133 1269 2249 2039 1637 }
N2326(715)	{ 1022 1023 2039 714 2042 1887 1024 }
N2326(716)	{ 1701 2039 1852 2255 1170 1887 }
N2326(717)	{ 1172 1171 1713 1711 1712 }
N2326(718)	{ 192 621 781 746 732 }
N2326(719)	{ 942 941 950 782 744 940 }
N2326(720)	{ 7 942 944 46 943 }
N2326(721)	{ 204 47 290 203 287 }
N2326(722)	{ 204 484 290 1168 115 289 }
N2326(723)	{ 1717 211 113 1851 212 835 }
N2326(724)	{ 710 1384 1385 1415 2250 1688 2249 }
N2326(725)	{ 726 728 2250 239 2249 }
N2326(726)	{ 727 242 239 725 729 78 728 }
N2326(727)	{ 242 726 711 1688 239 1385 }
N2326(728)	{ 726 729 1852 2249 725 2039 }
N2326(729)	{ 78 726 1852 240 728 }
N2326(730)	{ 243 244 1357 517 188 }
N2326(731)	{ 438 249 673 789 732 788 }
N2326(732)	{ 249 521 192 718 789 781 731 }
N2326(733)	{ 447 264 945 446 265 }
N2326(734)	{ 266 265 2069 148 945 }
N2326(735)	{ 275 537 424 779 274 469 }
N2326(736)	{ 355 140 373 365 366 }
N2326(737)	{ 164 738 395 1518 392 946 }
N2326(738)	{ 739 395 737 164 1984 867 394 }
N2326(739)	{ 738 395 740 947 1638 394 1416 }
N2326(740)	{ 395 947 739 946 }
N2326(741)	{ 616 399 1550 398 75 }
N2326(742)	{ 780 439 2308 2202 414 }
N2326(743)	{ 948 414 949 744 }
N2326(744)	{ 747 948 415 743 950 719 782 949 }
N2326(745)	{ 780 471 948 415 414 }
N2326(746)	{ 747 620 621 415 781 471 718 }
N2326(747)	{ 621 415 746 782 744 620 }
N2326(748)	{ 1025 1149 1026 952 1151 1027 1028 }
N2326(749)	{ 1126 1329 1335 2107 1895 2106 }
N2326(750)	{ 419 2101 16 1761 2251 1029 2001 }
N2326(751)	{ 1031 1030 957 2251 958 1029 }
N2326(752)	{ 895 1322 956 1122 1331 1101 1255 }
N2326(753)	{ 891 1714 1716 1539 1715 }
N2326(754)	{ 274 853 424 1137 961 920 }
N2326(755)	{ 776 102 790 538 423 1561 448 854 }
N2326(756)	{ 757 431 761 760 430 }
N2326(757)	{ 756 430 72 1391 431 1386 }
N2326(758)	{ 1389 1391 1390 2022 1388 1386 }
N2326(759)	{ 1991 1389 1993 1992 1990 }
N2326(760)	{ 756 761 762 1522 1791 1790 431 }
N2326(761)	{ 756 762 760 434 764 763 430 }
N2326(762)	{ 434 761 760 1694 1522 433 }
N2326(763)	{ 434 761 765 435 764 }
N2326(764)	{ 761 765 763 2061 73 430 }
N2326(765)	{ 763 435 764 2026 436 73 }
N2326(766)	{ 1596 1896 1190 1899 1191 1192 }
N2326(767)	{ 1195 768 1194 2132 442 441 }
N2326(768)	{ 441 767 1744 1195 769 }
N2326(769)	{ 1744 768 1159 441 2135 2131 1163 }
N2326(770)	{ 2135 2136 2139 2134 2192 2138 2137 }
N2326(771)	{ 2141 2142 2143 2145 2144 2140 }
N2326(772)	{ 443 963 773 444 855 }
N2326(773)	{ 772 444 963 1250 964 774 }
N2326(774)	{ 444 1250 773 674 1947 1695 147 }
N2326(775)	{ 962 675 1137 1010 961 }
N2326(776)	{ 448 755 101 102 450 679 }
N2326(777)	{ 1393 452 1392 279 1699 1629 1698 }
N2326(778)	{ 453 452 1394 107 1393 }
N2326(779)	{ 735 469 100 853 274 40 }
N2326(780)	{ 745 471 414 520 439 742 }
N2326(781)	{ 746 718 789 471 520 732 }
N2326(782)	{ 620 747 941 472 950 719 744 }
N2326(783)	{ 198 476 861 199 477 45 }
N2326(784)	{ 482 485 480 1717 1361 785 }
N2326(785)	{ 485 549 548 1717 784 864 }
N2326(786)	{ 787 136 498 2204 139 138 862 }
N2326(787)	{ 135 136 583 786 498 217 }
N2326(788)	{ 439 672 673 789 520 731 }
N2326(789)	{ 781 471 732 520 788 731 }
N2326(790)	{ 423 424 755 537 538 }
N2326(791)	{ 280 540 539 793 542 692 }
N2326(792)	{ 793 1196 693 542 }
N2326(793)	{ 792 693 542 692 791 }
N2326(794)	{ 568 570 1353 50 336 }
N2326(795)	{ 796 867 611 163 2317 1021 612 }
N2326(796)	{ 393 611 614 795 612 613 }
N2326(797)	{ 628 1553 798 1804 800 2254 1530 1563 }
N2326(798)	{ 628 797 1553 1567 1532 1909 1371 1554 }
N2326(799)	{ 1553 1554 800 1557 1555 1556 }
N2326(800)	{ 1553 799 1804 1556 797 }
N2326(801)	{ 1143 932 1144 2304 2232 802 }
N2326(802)	{ 1510 167 1143 1032 2304 801 2080 }
N2326(803)	{ 2205 1891 1036 1890 2207 2081 2206 }
N2326(804)	{ 1996 1994 2149 1995 713 2207 2082 1035 }
N2326(805)	{ 806 2041 1996 1857 2083 18 1994 }
N2326(806)	{ 1856 18 1857 805 1855 }
N2326(807)	{ 1664 1199 1858 1198 1202 }
N2326(808)	{ 1201 1200 1718 1039 1202 }
N2326(809)	{ 1280 1041 1042 1043 1453 1670 1663 1282 }
N2326(810)	{ 877 670 2315 11 57 }
N2326(811)	{ 2036 1998 2303 2038 1999 2315 2035 2037 }
N2326(812)	{ 813 1997 2000 1860 1998 }
N2326(813)	{ 1860 1862 1861 814 1997 812 1859 }
N2326(814)	{ 813 1862 1859 1965 1863 1964 }
N2326(815)	{ 1631 1403 1828 1866 1864 1865 }
N2326(816)	{ 79 817 1712 1865 1505 1713 }
N2326(817)	{ 79 85 665 1712 816 666 }
N2326(818)	{ 80 81 79 23 1866 1864 1505 }
N2326(819)	{ 1251 30 825 87 1871 1870 86 }
N2326(820)	{ 1867 1868 1869 1871 1870 1007 }
N2326(821)	{ 1867 1868 1913 1912 822 2310 1396 1783 }
N2326(822)	{ 1913 821 1920 1400 2261 1916 1396 }
N2326(823)	{ 1208 1747 1748 1915 824 1914 }
N2326(824)	{ 1208 1356 831 825 1915 87 823 }
N2326(825)	{ 87 819 1356 1251 824 }
N2326(826)	{ 466 592 1382 1071 1616 859 671 }
N2326(827)	{ 1287 1048 1045 2127 830 2126 }
N2326(828)	{ 1046 982 1048 1045 1047 }
N2326(829)	{ 983 187 246 1252 191 984 }
N2326(830)	{ 1287 1490 827 2128 2017 2127 }
N2326(831)	{ 1208 189 824 1357 834 1356 }
N2326(832)	{ 1719 1210 1752 1720 2175 2174 1838 }
N2326(833)	{ 1719 1720 2208 189 1721 }
N2326(834)	{ 1357 831 2208 189 517 }
N2326(835)	{ 113 1515 37 1851 130 723 2308 90 414 }
N2326(836)	{ 838 335 312 1785 837 1502 }
N2326(837)	{ 838 127 836 1788 1785 1354 }
N2326(838)	{ 127 837 463 836 335 }
N2326(839)	{ 407 177 1560 841 1211 }
N2326(840)	{ 841 407 1401 1402 1404 1212 1403 }
N2326(841)	{ 407 840 1560 839 1212 }
N2326(842)	{ 1055 1051 1288 843 1054 2043 416 1893 }
N2326(843)	{ 844 1052 1050 1051 1288 1049 842 }
N2326(844)	{ 843 1146 1050 1147 952 1049 }
N2326(845)	{ 1051 1056 1053 846 1290 1052 951 }
N2326(846)	{ 1055 1051 845 1729 1056 1054 }
N2326(847)	{ 420 848 2001 852 1872 }
N2326(848)	{ 420 847 1873 1060 1872 }
N2326(849)	{ 1061 1059 850 1873 1060 957 }
N2326(850)	{ 420 849 1060 2146 1061 851 }
N2326(851)	{ 420 1735 1715 2146 850 1155 }
N2326(852)	{ 1715 420 2001 847 1714 }
N2326(853)	{ 274 779 920 754 40 }
N2326(854)	{ 423 961 1561 755 962 }
N2326(855)	{ 856 443 772 1573 963 14 }
N2326(856)	{ 443 447 855 264 263 14 }
N2326(857)	{ 149 464 150 858 465 445 }
N2326(858)	{ 857 445 1875 465 1947 1695 1874 }
N2326(859)	{ 466 1616 826 1875 860 146 }
N2326(860)	{ 150 466 1875 465 859 }
N2326(861)	{ 199 479 477 200 45 783 }
N2326(862)	{ 498 217 56 216 2204 586 786 }
N2326(863)	{ 531 532 169 1933 1512 617 }
N2326(864)	{ 548 90 525 526 527 1717 113 785 }
N2326(865)	{ 610 233 866 160 389 }
N2326(866)	{ 865 160 359 1529 389 388 }
N2326(867)	{ 795 164 163 1984 611 738 }
N2326(868)	{ 869 1754 1753 2211 1368 2257 2209 1214 }
N2326(869)	{ 868 1758 1753 2004 1217 1214 }
N2326(870)	{ 1068 1062 871 1063 1644 1065 1427 }
N2326(871)	{ 870 1068 2005 2086 1065 2085 }
N2326(872)	{ 1217 1067 2006 2004 2005 }
N2326(873)	{ 1877 1406 1878 1407 1876 }
N2326(874)	{ 1406 627 632 2313 1562 2309 }
N2326(875)	{ 1803 1804 1564 1563 2313 2269 1562 }
N2326(876)	{ 1407 630 1552 1803 1557 627 }
N2326(877)	{ 810 670 1073 1078 1074 1558 631 57 }
N2326(878)	{ 1080 1079 1078 1295 879 1077 }
N2326(879)	{ 1295 878 1296 1075 1079 }
N2326(880)	{ 1088 881 2254 1084 2253 }
N2326(881)	{ 1086 1088 1087 1089 1085 2253 880 1083 }
N2326(882)	{ 1567 1566 1569 1565 2195 1532 641 }
N2326(883)	{ 1090 1880 1879 1583 }
N2326(884)	{ 1880 1882 1879 1881 }
N2326(885)	{ 1569 1570 1572 1571 1568 }
N2326(886)	{ 643 644 1094 890 887 }
N2326(887)	{ 643 886 1218 888 1094 }
N2326(888)	{ 1218 887 897 2213 896 643 }
N2326(889)	{ 644 1094 890 1410 893 19 }
N2326(890)	{ 644 1094 886 889 }
N2326(891)	{ 644 1539 645 753 2212 643 1714 }
N2326(892)	{ 1410 893 1096 645 1539 1735 1716 1155 }
N2326(893)	{ 645 644 1410 889 892 }
N2326(894)	{ 960 1097 1155 1096 959 1297 1098 1095 }
N2326(895)	{ 752 1154 956 1297 1095 1101 }
N2326(896)	{ 997 900 897 2213 888 421 }
N2326(897)	{ 997 896 646 1218 888 1099 }
N2326(898)	{ 646 1100 995 1099 }
N2326(899)	{ 1102 1227 1297 995 1461 1101 1228 }
N2326(900)	{ 421 896 911 1299 997 1103 }
N2326(901)	{ 1221 1303 1300 1304 1219 1106 }
N2326(902)	{ 1222 1108 1308 1107 1311 1109 1224 }
N2326(903)	{ 1312 1224 1111 1112 1317 1315 1115 }
N2326(904)	{ 1460 1114 1599 1226 1113 }
N2326(905)	{ 1117 1321 1120 1761 907 1029 }
N2326(906)	{ 1123 1326 1324 1115 1460 1226 1317 }
N2326(907)	{ 1321 1124 1761 1121 905 }
N2326(908)	{ 909 653 953 954 652 1152 1027 1127 }
N2326(909)	{ 908 654 653 1129 20 652 }
N2326(910)	{ 1129 1495 1722 1496 20 }
N2326(911)	{ 915 421 900 1130 1103 656 }
N2326(912)	{ 656 1130 1228 913 1227 }
N2326(913)	{ 914 26 656 657 998 1228 912 1132 }
N2326(914)	{ 26 913 915 656 655 }
N2326(915)	{ 911 421 656 914 2199 655 422 }
N2326(916)	{ 33 1000 38 1140 660 659 }
N2326(917)	{ 2012 2010 2007 2218 2009 2008 }
N2326(918)	{ 919 1134 1733 2054 1950 1136 }
N2326(919)	{ 1136 918 1134 32 1542 2217 1607 1988 }
N2326(920)	{ 853 40 754 1267 1137 1000 }
N2326(921)	{ 922 690 279 1141 689 987 }
N2326(922)	{ 690 108 921 279 1196 1157 541 }
N2326(923)	{ 697 698 1884 924 1883 }
N2326(924)	{ 697 923 2189 925 1884 }
N2326(925)	{ 697 926 2171 2172 2189 924 2188 }
N2326(926)	{ 697 927 1901 2171 1902 925 }
N2326(927)	{ 697 1230 698 1901 928 926 }
N2326(928)	{ 1230 1601 1229 1901 927 1231 }
N2326(929)	{ 699 1230 698 1590 1017 1229 }
N2326(930)	{ 706 162 705 2013 931 237 }
N2326(931)	{ 1145 705 932 2013 930 1142 }
N2326(932)	{ 1143 1142 801 1145 931 1144 }
N2326(933)	{ 1145 1855 2040 1857 934 }
N2326(934)	{ 706 1145 705 933 2288 2040 1020 }
N2326(935)	{ 2090 1413 2089 2215 1635 1412 }
N2326(936)	{ 2214 1769 2215 1770 1635 }
N2326(937)	{ 938 2155 2238 2295 1474 2239 }
N2326(938)	{ 1578 1235 1474 2155 939 937 }
N2326(939)	{ 1235 1234 2155 938 1462 }
N2326(940)	{ 942 950 719 949 }
N2326(941)	{ 782 719 943 472 473 942 }
N2326(942)	{ 940 719 7 943 941 720 }
N2326(943)	{ 941 472 942 944 720 473 }
N2326(944)	{ 720 46 943 473 }
N2326(945)	{ 733 265 446 2069 980 734 }
N2326(946)	{ 395 740 737 1549 947 1518 }
N2326(947)	{ 740 739 946 1829 1416 1549 }
N2326(948)	{ 745 415 414 744 743 }
N2326(949)	{ 743 950 940 744 }
N2326(950)	{ 719 782 940 744 949 }
N2326(951)	{ 1028 1290 845 1025 1335 1150 1053 }
N2326(952)	{ 1146 1025 844 1149 748 1147 }
N2326(953)	{ 653 908 1148 954 417 2112 1945 21 }
N2326(954)	{ 1027 908 1148 1026 953 }
N2326(955)	{ 1152 1151 1335 1150 1236 }
N2326(956)	{ 895 1154 1322 752 1318 }
N2326(957)	{ 751 1059 1153 1031 1058 1873 849 958 }
N2326(958)	{ 1873 957 2251 751 1872 }
N2326(959)	{ 894 2146 960 1155 }
N2326(960)	{ 1059 894 1154 1058 1095 2146 1061 959 }
N2326(961)	{ 423 424 962 854 1137 775 754 }
N2326(962)	{ 961 775 1561 854 675 }
N2326(963)	{ 772 444 964 773 1573 144 855 }
N2326(964)	{ 963 144 1250 222 773 }
N2326(965)	{ 966 1042 1280 1463 1238 1422 }
N2326(966)	{ 965 1238 1239 1482 1465 1042 }
N2326(967)	{ 1724 1577 1574 1723 2292 2079 2163 }
N2326(968)	{ 1577 1576 1935 1574 1575 }
N2326(969)	{ 1354 1698 1681 1806 52 128 }
N2326(970)	{ 1726 1723 1980 1724 1725 }
N2326(971)	{ 972 1186 1185 1417 68 973 }
N2326(972)	{ 1185 971 669 1419 973 1418 }
N2326(973)	{ 971 972 1420 1417 1419 }
N2326(974)	{ 1241 1242 1244 1243 1187 }
N2326(975)	{ 1245 976 1246 103 1242 }
N2326(976)	{ 1245 975 1547 681 1548 682 103 }
N2326(977)	{ 103 1246 1248 1710 683 1606 }
N2326(978)	{ 699 141 979 701 142 }
N2326(979)	{ 978 701 142 700 1016 1014 702 }
N2326(980)	{ 149 504 446 2069 224 945 }
N2326(981)	{ 61 1249 221 1250 222 147 }
N2326(982)	{ 1047 243 828 1251 1046 188 }
N2326(983)	{ 829 246 1047 187 243 }
N2326(984)	{ 246 985 1252 829 986 }
N2326(985)	{ 246 984 986 245 1470 1466 1254 }
N2326(986)	{ 984 985 2252 1252 1254 }
N2326(987)	{ 1141 921 279 1394 107 1393 }
N2326(988)	{ 303 304 118 1352 119 302 }
N2326(989)	{ 304 119 553 307 1344 48 303 }
N2326(990)	{ 271 28 100 991 178 469 }
N2326(991)	{ 408 179 178 469 990 }
N2326(992)	{ 408 83 179 180 538 }
N2326(993)	{ 508 509 593 511 994 574 152 }
N2326(994)	{ 574 993 152 1527 573 1169 }
N2326(995)	{ 646 898 1102 996 1297 1100 899 }
N2326(996)	{ 646 995 1299 1102 997 }
N2326(997)	{ 646 897 896 1299 996 900 }
N2326(998)	{ 913 1132 1133 1182 657 1181 }
N2326(999)	{ 1138 1000 1140 676 660 }
N2326(1000)	{ 660 916 999 1138 1267 920 1139 38 1734 2179 2016 2114 }
N2326(1001)	{ 1235 1234 1258 1256 2042 663 1024 }
N2326(1002)	{ 1260 1258 1471 1256 1257 }
N2326(1003)	{ 1259 1260 1262 1004 1261 }
N2326(1004)	{ 1259 663 1003 1886 1005 1262 }
N2326(1005)	{ 663 1004 1887 1885 1886 }
N2326(1006)	{ 1265 664 1264 1266 1009 1263 }
N2326(1007)	{ 1867 1871 820 1008 1904 664 32 }
N2326(1008)	{ 1009 664 665 1871 1007 86 }
N2326(1009)	{ 664 1008 1006 1266 1978 1977 665 }
N2326(1010)	{ 675 676 775 1268 1137 1011 }
N2326(1011)	{ 676 1010 1138 1333 1332 1268 }
N2326(1012)	{ 686 104 694 685 695 }
N2326(1013)	{ 700 1847 143 1848 1015 93 }
N2326(1014)	{ 1015 700 1016 979 94 }
N2326(1015)	{ 1014 700 1848 94 1013 }
N2326(1016)	{ 1014 979 1019 702 94 }
N2326(1017)	{ 701 699 702 1590 929 1018 }
N2326(1018)	{ 702 1590 1017 1728 1019 1589 }
N2326(1019)	{ 702 1016 94 1728 1727 1018 }
N2326(1020)	{ 706 934 2317 1021 2288 }
N2326(1021)	{ 706 1517 163 707 2317 1020 795 }
N2326(1022)	{ 715 714 1578 1023 1269 }
N2326(1023)	{ 715 1024 1578 1235 1022 }
N2326(1024)	{ 1235 1023 2042 1001 715 }
N2326(1025)	{ 1028 748 952 1290 1146 951 }
N2326(1026)	{ 1027 954 1149 748 1148 }
N2326(1027)	{ 1026 954 748 1152 1151 908 }
N2326(1028)	{ 1025 951 1151 748 1150 }
N2326(1029)	{ 1117 1030 1761 905 2251 751 750 }
N2326(1030)	{ 751 1029 1320 1031 1117 }
N2326(1031)	{ 751 957 1153 1320 1030 1270 }
N2326(1032)	{ 167 2080 802 2205 1888 1037 }
N2326(1033)	{ 1889 1891 1890 1888 }
N2326(1034)	{ 1480 1272 1275 1889 1276 1271 }
N2326(1035)	{ 1275 1276 2207 804 2206 2273 713 22 }
N2326(1036)	{ 2081 2083 2080 2082 2205 803 1037 }
N2326(1037)	{ 2080 2205 1036 1032 }
N2326(1038)	{ 1197 1277 1201 1043 1841 1840 1040 }
N2326(1039)	{ 1201 1481 1277 1718 808 1279 }
N2326(1040)	{ 1300 1277 1038 1842 1841 1104 }
N2326(1041)	{ 809 1043 1918 1280 1840 }
N2326(1042)	{ 1280 965 809 1482 1282 966 }
N2326(1043)	{ 1453 1197 809 1840 1041 1038 }
N2326(1044)	{ 1459 1206 1284 1489 1285 1283 }
N2326(1045)	{ 1046 1048 828 2126 827 30 }
N2326(1046)	{ 828 1045 1251 982 30 }
N2326(1047)	{ 983 243 982 1048 828 187 }
N2326(1048)	{ 828 1045 1047 1287 827 187 }
N2326(1049)	{ 844 843 1289 1147 1288 }
N2326(1050)	{ 843 844 1290 1052 1146 }
N2326(1051)	{ 1052 843 845 1055 846 842 }
N2326(1052)	{ 843 1051 1290 1050 845 }
N2326(1053)	{ 845 951 1056 2106 1730 1335 }
N2326(1054)	{ 1055 1729 846 842 2044 1057 1893 }
N2326(1055)	{ 846 1051 1054 842 }
N2326(1056)	{ 845 846 1730 1053 1729 }
N2326(1057)	{ 1729 1054 2147 2045 2044 1894 }
N2326(1058)	{ 1059 957 960 1270 1153 1154 }
N2326(1059)	{ 957 1058 1061 849 960 }
N2326(1060)	{ 420 1061 850 1873 848 849 }
N2326(1061)	{ 1059 849 1060 2146 960 850 }
N2326(1062)	{ 870 1068 1216 2014 1063 1757 }
N2326(1063)	{ 870 1450 1427 2014 1446 1062 }
N2326(1064)	{ 1581 1580 1646 1579 1428 }
N2326(1065)	{ 1611 1644 1643 870 871 2272 1339 2086 }
N2326(1066)	{ 2257 1214 2320 1787 1070 }
N2326(1067)	{ 1758 1216 1217 2005 872 1068 }
N2326(1068)	{ 870 1216 1062 2005 1067 871 }
N2326(1069)	{ 2084 1292 1293 1291 2271 2087 2270 }
N2326(1070)	{ 2003 1292 1214 2158 1291 2320 1066 2321 2296 3 }
N2326(1071)	{ 592 364 1296 1076 1382 826 1294 }
N2326(1072)	{ 1431 1073 1432 1074 1430 }
N2326(1073)	{ 1074 877 1431 1072 670 }
N2326(1074)	{ 1073 1078 877 1295 1077 1432 1072 1075 }
N2326(1075)	{ 1295 1296 879 1074 2148 1432 1294 }
N2326(1076)	{ 364 1071 1433 1296 356 }
N2326(1077)	{ 1078 1295 1074 878 }
N2326(1078)	{ 1077 1074 877 878 1081 1080 631 }
N2326(1079)	{ 878 1080 1296 879 1082 }
N2326(1080)	{ 878 1078 1082 1079 1081 }
N2326(1081)	{ 1078 1080 1082 1088 1087 631 }
N2326(1082)	{ 1080 1087 1081 1086 1296 1079 1085 }
N2326(1083)	{ 1089 881 2309 632 2253 }
N2326(1084)	{ 1088 1558 631 2254 1530 880 }
N2326(1085)	{ 1086 1089 881 1082 1433 1296 632 }
N2326(1086)	{ 1085 1087 1082 881 }
N2326(1087)	{ 1082 1086 1088 1081 881 }
N2326(1088)	{ 1087 1081 881 631 1084 880 }
N2326(1089)	{ 1083 881 632 1085 }
N2326(1090)	{ 1583 1091 1879 883 2195 639 641 }
N2326(1091)	{ 1583 1090 1092 2198 1584 639 }
N2326(1092)	{ 1583 1091 1584 1586 1093 1585 }
N2326(1093)	{ 1092 1583 1881 1880 1586 }
N2326(1094)	{ 890 886 889 19 1218 887 1099 }
N2326(1095)	{ 1154 960 1297 894 895 }
N2326(1096)	{ 1155 894 1410 892 1097 }
N2326(1097)	{ 894 1298 1098 1410 19 1096 }
N2326(1098)	{ 1297 894 1298 1100 1097 }
N2326(1099)	{ 646 898 1218 1094 897 1298 1100 19 }
N2326(1100)	{ 898 1297 995 1298 1099 1098 }
N2326(1101)	{ 1297 895 752 1461 899 1331 }
N2326(1102)	{ 995 1227 899 1299 996 1103 }
N2326(1103)	{ 911 1227 1130 1299 1102 900 }
N2326(1104)	{ 1300 1221 1040 2021 648 1842 }
N2326(1105)	{ 1303 1481 1300 1301 }
N2326(1106)	{ 901 1304 1221 1494 1306 1305 }
N2326(1107)	{ 1307 1108 902 1312 1308 1111 }
N2326(1108)	{ 902 1307 1107 1309 1222 648 }
N2326(1109)	{ 1222 1309 902 1494 1310 1311 }
N2326(1110)	{ 1112 1759 1111 1313 }
N2326(1111)	{ 1112 1312 1107 903 1759 1110 1307 }
N2326(1112)	{ 1111 1110 903 1316 1315 1313 }
N2326(1113)	{ 1114 1599 904 649 1760 1316 1759 }
N2326(1114)	{ 1113 1316 1460 904 1317 }
N2326(1115)	{ 1225 1224 1317 903 1122 1326 906 1322 }
N2326(1116)	{ 1120 1119 1320 1117 1319 }
N2326(1117)	{ 1029 1120 905 1320 1030 1319 1116 }
N2326(1118)	{ 1119 1321 1120 1125 }
N2326(1119)	{ 1120 1118 1125 1319 1116 1318 }
N2326(1120)	{ 1116 1117 1119 1321 1118 905 }
N2326(1121)	{ 1325 1124 1323 650 1761 1525 907 }
N2326(1122)	{ 1314 1255 1225 1322 752 1115 }
N2326(1123)	{ 1226 906 1325 1323 1324 }
N2326(1124)	{ 1321 907 1325 1121 1125 }
N2326(1125)	{ 1119 1321 1118 1325 1124 1326 1324 1318 }
N2326(1126)	{ 1327 1330 1328 1329 1335 1236 749 }
N2326(1127)	{ 908 1152 1327 1495 652 1328 }
N2326(1128)	{ 1330 1722 1329 1496 }
N2326(1129)	{ 20 909 1495 652 910 }
N2326(1130)	{ 911 656 1227 1103 912 }
N2326(1131)	{ 1461 1331 1132 1653 1451 1133 }
N2326(1132)	{ 1133 998 913 1461 1228 1131 }
N2326(1133)	{ 1132 998 1131 1662 1181 1653 }
N2326(1134)	{ 1542 919 918 2223 1733 1541 }
N2326(1135)	{ 2052 2016 2222 1734 1948 }
N2326(1136)	{ 919 32 918 2054 2125 2120 1780 }
N2326(1137)	{ 775 961 754 920 1268 1010 1267 }
N2326(1138)	{ 999 676 1000 1332 1011 1139 }
N2326(1139)	{ 1000 1138 1333 1332 1267 }
N2326(1140)	{ 677 676 449 999 660 916 659 }
N2326(1141)	{ 689 278 921 107 987 }
N2326(1142)	{ 932 931 2056 1143 2013 }
N2326(1143)	{ 801 932 802 1510 2056 1511 1142 }
N2326(1144)	{ 932 1145 1855 2232 1856 801 }
N2326(1145)	{ 931 705 932 934 1855 1144 933 }
N2326(1146)	{ 844 952 1290 1050 1025 }
N2326(1147)	{ 844 952 1049 1334 1289 1149 }
N2326(1148)	{ 954 953 1026 1334 1149 417 }
N2326(1149)	{ 1026 748 952 1334 1147 1148 }
N2326(1150)	{ 1151 1028 1335 955 951 }
N2326(1151)	{ 748 1150 1028 1027 1236 955 1152 }
N2326(1152)	{ 1027 908 955 1151 1327 1236 1127 }
N2326(1153)	{ 957 1270 1031 1058 }
N2326(1154)	{ 960 1095 895 1058 1318 1270 956 }
N2326(1155)	{ 1096 894 1735 892 2146 959 851 }
N2326(1156)	{ 1434 1435 1807 1588 1587 }
N2326(1157)	{ 1196 922 687 1677 1676 1435 2185 279 2187 2184 1588 }
N2326(1158)	{ 1 43 2187 2186 1588 }
N2326(1159)	{ 1163 59 1160 1589 1744 769 1728 }
N2326(1160)	{ 59 1159 1590 1229 1161 1589 }
N2326(1161)	{ 1590 1160 59 1601 1600 1229 }
N2326(1162)	{ 1600 1163 2135 2256 1232 2136 }
N2326(1163)	{ 1159 1600 59 2135 769 1162 }
N2326(1164)	{ 1437 67 1651 1436 1438 }
N2326(1165)	{ 1166 613 1437 67 614 }
N2326(1166)	{ 1165 67 613 1995 2151 2149 1167 }
N2326(1167)	{ 1184 669 67 2151 1166 11 }
N2326(1168)	{ 115 584 722 350 289 }
N2326(1169)	{ 152 1506 704 130 1527 994 1345 }
N2326(1170)	{ 1701 175 2255 1171 716 }
N2326(1171)	{ 1172 175 717 2255 1712 1170 }
N2326(1172)	{ 175 516 1171 717 1827 1711 176 }
N2326(1173)	{ 300 118 551 552 115 484 }
N2326(1174)	{ 402 401 1961 533 171 }
N2326(1175)	{ 1655 1652 1443 2201 1452 2117 }
N2326(1176)	{ 1656 1658 1772 1660 1443 2117 2235 2118 1659 }
N2326(1177)	{ 1594 1180 1593 1812 1595 1811 }
N2326(1178)	{ 1706 642 1928 2301 1705 1929 }
N2326(1179)	{ 1446 1447 1926 2092 1450 1930 }
N2326(1180)	{ 1177 2014 1595 2015 1594 1446 }
N2326(1181)	{ 998 1662 1182 1133 }
N2326(1182)	{ 998 657 1452 1662 1181 1652 }
N2326(1183)	{ 1738 1739 1831 1737 1740 }
N2326(1184)	{ 1167 669 67 1185 1738 1709 1438 }
N2326(1185)	{ 972 669 1186 971 1709 668 1184 }
N2326(1186)	{ 1185 971 1741 668 68 }
N2326(1187)	{ 974 1244 1742 1248 684 1967 1966 }
N2326(1188)	{ 704 1515 1506 2002 98 95 }
N2326(1189)	{ 1596 1190 436 1193 2137 1605 1814 }
N2326(1190)	{ 436 1596 1189 1896 766 435 }
N2326(1191)	{ 1896 1897 1899 766 1898 }
N2326(1192)	{ 766 2100 1596 2101 1899 1597 }
N2326(1193)	{ 1189 1814 2100 2099 1596 }
N2326(1194)	{ 767 1195 442 1743 2000 1860 1951 }
N2326(1195)	{ 767 1194 1744 1743 768 }
N2326(1196)	{ 792 693 542 694 686 687 1157 922 541 }
N2326(1197)	{ 1201 1038 1043 1858 1453 1200 }
N2326(1198)	{ 1664 1454 1858 1453 807 }
N2326(1199)	{ 1202 1278 807 1777 1455 1664 }
N2326(1200)	{ 1201 808 1858 1197 1202 }
N2326(1201)	{ 1200 1197 808 1277 1039 1038 }
N2326(1202)	{ 1199 1278 1718 808 1279 1858 807 1200 }
N2326(1203)	{ 1745 1665 1456 2156 1422 1746 }
N2326(1204)	{ 1464 1237 1457 1641 1486 35 }
N2326(1205)	{ 2052 2116 2016 2123 36 1207 }
N2326(1206)	{ 1044 1285 2114 2181 2180 1459 }
N2326(1207)	{ 1284 1286 1488 2116 1458 2123 1499 1205 }
N2326(1208)	{ 824 831 189 1747 1210 823 }
N2326(1209)	{ 1748 1749 1750 1752 1747 1751 }
N2326(1210)	{ 1719 189 1208 1752 1747 832 }
N2326(1211)	{ 839 2152 177 1560 }
N2326(1212)	{ 1404 840 23 1560 841 1213 }
N2326(1213)	{ 23 1212 2237 1560 2246 77 82 }
N2326(1214)	{ 1070 2004 869 2003 2257 868 1066 }
N2326(1215)	{ 1754 1755 1757 1756 1758 1753 1216 }
N2326(1216)	{ 1068 1757 1062 1758 1215 1067 }
N2326(1217)	{ 1758 1067 2004 869 872 }
N2326(1218)	{ 887 888 1094 897 1099 }
N2326(1219)	{ 1303 1304 901 1491 1220 1301 }
N2326(1220)	{ 1304 1219 1492 1491 1305 }
N2326(1221)	{ 1300 901 1104 1306 1106 648 }
N2326(1222)	{ 902 1309 1108 1109 }
N2326(1223)	{ 1224 1311 1493 1492 1225 }
N2326(1224)	{ 1225 1115 1311 902 1223 1312 1308 903 }
N2326(1225)	{ 1224 1115 1122 1493 1314 1223 }
N2326(1226)	{ 1123 1460 906 1599 1323 904 }
N2326(1227)	{ 1102 1103 1130 1228 912 899 }
N2326(1228)	{ 912 913 1227 1461 899 1132 }
N2326(1229)	{ 1230 1590 929 1160 1601 928 1161 }
N2326(1230)	{ 928 927 1229 698 929 }
N2326(1231)	{ 928 1901 1903 1601 1902 }
N2326(1232)	{ 1600 1601 1602 2256 2027 1162 }
N2326(1233)	{ 2154 1471 31 1462 2238 2155 2153 }
N2326(1234)	{ 1235 1001 1462 939 1256 }
N2326(1235)	{ 1234 1001 939 1024 1578 1023 938 }
N2326(1236)	{ 1151 1327 1152 1335 955 1126 }
N2326(1237)	{ 1455 35 1464 1204 1240 }
N2326(1238)	{ 966 1239 1463 965 1421 }
N2326(1239)	{ 1238 1464 1421 966 1483 1465 1240 }
N2326(1240)	{ 1464 1237 1239 1777 1455 1483 }
N2326(1241)	{ 4 974 1245 1242 680 }
N2326(1242)	{ 974 1245 1241 1246 975 1243 }
N2326(1243)	{ 974 1242 1248 1244 1246 }
N2326(1244)	{ 974 1248 1243 1187 }
N2326(1245)	{ 1242 1241 975 680 681 976 }
N2326(1246)	{ 975 103 1242 1248 1243 977 }
N2326(1247)	{ 1678 1587 1674 1817 1710 684 }
N2326(1248)	{ 1243 1244 1246 977 1742 1187 1606 }
N2326(1249)	{ 981 1355 221 1874 147 146 }
N2326(1250)	{ 981 222 147 964 773 774 }
N2326(1251)	{ 1046 982 30 819 1356 188 825 }
N2326(1252)	{ 829 984 2252 986 191 }
N2326(1253)	{ 1470 1466 1469 1776 1467 1468 }
N2326(1254)	{ 1470 985 2252 986 71 }
N2326(1255)	{ 1122 752 1331 1493 1451 1314 }
N2326(1256)	{ 1258 1001 1234 1471 1462 1002 }
N2326(1257)	{ 1002 1260 1472 1471 2217 1473 2216 }
N2326(1258)	{ 1256 1001 663 1260 1259 1002 }
N2326(1259)	{ 1004 663 1260 1003 1258 }
N2326(1260)	{ 1259 1258 1002 1003 1472 1261 1257 }
N2326(1261)	{ 1003 1262 1263 1472 1264 1260 }
N2326(1262)	{ 1003 1261 1004 1976 1263 1886 }
N2326(1263)	{ 1264 1261 1006 1262 1977 1266 1976 }
N2326(1264)	{ 1263 1006 1261 1473 1472 1265 }
N2326(1265)	{ 1006 1264 1473 1904 664 1607 }
N2326(1266)	{ 1006 1977 1009 1263 }
N2326(1267)	{ 920 1000 1137 1333 1139 1268 }
N2326(1268)	{ 1010 1137 1333 1332 1011 1267 }
N2326(1269)	{ 1578 1022 2133 1474 714 }
N2326(1270)	{ 1153 1058 1154 1318 1320 1031 1319 }
N2326(1271)	{ 1272 1889 1888 1034 2265 186 1273 }
N2326(1272)	{ 1271 1480 1273 1034 }
N2326(1273)	{ 1480 1272 1274 2265 1271 1475 }
N2326(1274)	{ 1480 1273 1479 2268 1475 1668 }
N2326(1275)	{ 1276 1035 22 1480 1034 1479 }
N2326(1276)	{ 1275 1034 1889 2206 1890 1035 }
N2326(1277)	{ 1201 1038 1040 1481 1039 1300 }
N2326(1278)	{ 1202 1199 1279 1492 1491 1900 1455 1302 }
N2326(1279)	{ 1481 1491 1301 1278 1718 1039 1202 }
N2326(1280)	{ 1042 809 965 1422 1918 1917 1041 }
N2326(1281)	{ 1482 1465 1484 1282 1483 }
N2326(1282)	{ 1482 1042 1281 1484 1670 809 1485 }
N2326(1283)	{ 1284 1286 1044 1671 1487 1489 }
N2326(1284)	{ 1286 1283 1207 1459 1044 1458 }
N2326(1285)	{ 1044 1892 1489 2114 1206 1486 }
N2326(1286)	{ 1284 1487 1283 1488 1207 1424 }
N2326(1287)	{ 1048 827 1490 187 830 }
N2326(1288)	{ 843 842 416 1049 1334 1289 417 }
N2326(1289)	{ 1049 1334 1147 1288 }
N2326(1290)	{ 1052 1050 845 1146 1025 951 }
N2326(1291)	{ 1292 1070 2158 2270 2159 1069 }
N2326(1292)	{ 1291 1070 2003 2084 1069 2006 }
N2326(1293)	{ 2084 2087 1069 2085 }
N2326(1294)	{ 1296 1071 1382 2148 1430 1075 }
N2326(1295)	{ 1075 1074 879 1077 878 }
N2326(1296)	{ 1294 1075 1071 879 1079 1082 1433 1076 1085 }
N2326(1297)	{ 1098 894 1100 1095 895 1101 899 995 }
N2326(1298)	{ 1100 1099 1098 19 1097 }
N2326(1299)	{ 996 1102 997 1103 900 }
N2326(1300)	{ 1040 1221 1104 1303 901 1481 1277 1105 }
N2326(1301)	{ 1303 1481 1105 1491 1219 1279 }
N2326(1302)	{ 1492 1900 1278 1493 }
N2326(1303)	{ 1105 1300 1301 901 1219 }
N2326(1304)	{ 1219 901 1305 1220 1106 }
N2326(1305)	{ 1304 1492 1220 1494 1311 1106 }
N2326(1306)	{ 1221 648 1309 1494 1310 1106 }
N2326(1307)	{ 1107 1108 648 647 1759 1111 651 }
N2326(1308)	{ 902 1312 1107 1224 }
N2326(1309)	{ 1108 1222 648 1310 1109 1306 }
N2326(1310)	{ 1309 1494 1109 1306 }
N2326(1311)	{ 902 1224 1492 1223 1494 1109 1305 }
N2326(1312)	{ 1308 1107 1224 1111 903 }
N2326(1313)	{ 1112 1110 1760 1316 1759 }
N2326(1314)	{ 1122 1493 1255 1225 }
N2326(1315)	{ 1112 1317 903 1316 }
N2326(1316)	{ 1112 1317 1315 1114 1760 1313 1113 }
N2326(1317)	{ 1315 903 1316 1115 1460 906 1114 }
N2326(1318)	{ 1154 1319 1119 1270 956 1326 1125 1322 }
N2326(1319)	{ 1119 1318 1320 1117 1270 1116 }
N2326(1320)	{ 1030 1031 1117 1270 1319 1116 }
N2326(1321)	{ 1118 1120 1125 905 907 1124 }
N2326(1322)	{ 956 752 1122 1326 1115 1318 }
N2326(1323)	{ 650 1325 1121 1123 1599 649 1226 }
N2326(1324)	{ 1325 1123 1326 906 1125 }
N2326(1325)	{ 1124 1121 1125 1323 1123 1324 }
N2326(1326)	{ 1324 906 1125 1115 1322 1318 }
N2326(1327)	{ 1236 1152 1328 1126 1127 }
N2326(1328)	{ 1327 1126 1127 1496 1330 1495 }
N2326(1329)	{ 1330 1126 1128 749 2290 1722 1895 }
N2326(1330)	{ 1126 1329 1496 1128 1328 }
N2326(1331)	{ 752 1451 1255 1461 1101 1131 }
N2326(1332)	{ 1138 1333 1011 1268 1139 }
N2326(1333)	{ 1332 1011 1139 1268 1267 }
N2326(1334)	{ 1289 1147 1288 1149 1148 417 }
N2326(1335)	{ 955 1150 1236 951 1126 2106 1053 749 }
N2326(1336)	{ 474 6 559 193 525 90 247 455 }
N2326(1337)	{ 1820 1762 1610 1823 1338 1614 }
N2326(1338)	{ 1819 1610 1339 1823 8 1337 }
N2326(1339)	{ 8 1611 1340 1338 2272 1819 1065 }
N2326(1340)	{ 8 1339 1613 1497 1611 2028 1612 1643 }
N2326(1341)	{ 1614 1952 1762 1763 }
N2326(1342)	{ 1836 1770 2034 1766 2033 }
N2326(1343)	{ 1905 2284 1907 1906 }
N2326(1344)	{ 989 297 300 303 2058 48 298 }
N2326(1345)	{ 1527 1169 54 1851 212 130 }
N2326(1346)	{ 340 339 343 576 1358 213 54 }
N2326(1347)	{ 1351 58 2151 11 2246 2150 1348 }
N2326(1348)	{ 58 1686 1349 1682 2246 1347 82 }
N2326(1349)	{ 58 1350 1686 1685 1348 }
N2326(1350)	{ 1349 1685 58 2316 1847 2286 }
N2326(1351)	{ 1347 58 2315 11 2286 }
N2326(1352)	{ 988 302 352 1981 305 119 }
N2326(1353)	{ 794 336 50 1680 1679 127 }
N2326(1354)	{ 1680 128 127 969 1788 837 1681 }
N2326(1355)	{ 1249 1615 146 221 }
N2326(1356)	{ 1251 824 825 1357 831 188 }
N2326(1357)	{ 834 517 831 730 188 1356 }
N2326(1358)	{ 213 55 1346 212 54 }
N2326(1359)	{ 499 218 500 607 1573 144 1362 }
N2326(1360)	{ 398 1617 1618 1620 1550 1619 }
N2326(1361)	{ 496 481 480 1717 211 784 }
N2326(1362)	{ 608 605 607 598 1573 1359 1850 95 66 }
N2326(1363)	{ 307 311 554 306 1982 310 553 }
N2326(1364)	{ 1368 2259 1367 2258 }
N2326(1365)	{ 2070 622 623 2300 2299 2259 }
N2326(1366)	{ 1367 1756 1755 1808 1591 622 }
N2326(1367)	{ 1368 1755 1366 1754 2259 1364 622 }
N2326(1368)	{ 1754 1367 868 2258 2211 1364 }
N2326(1369)	{ 1552 1908 1555 629 2071 1373 1374 }
N2326(1370)	{ 1372 1908 629 1909 1371 1554 }
N2326(1371)	{ 1621 1372 1567 1909 1370 798 }
N2326(1372)	{ 1370 629 1371 1621 1623 1373 1622 }
N2326(1373)	{ 629 1372 1369 2072 1623 2071 }
N2326(1374)	{ 1552 630 623 2071 2070 1369 }
N2326(1375)	{ 1378 634 1624 635 2145 1626 1625 }
N2326(1376)	{ 635 2139 2144 2143 1626 2191 1377 2138 }
N2326(1377)	{ 1378 635 1376 2194 2191 12 }
N2326(1378)	{ 635 1375 1377 1538 634 12 }
N2326(1379)	{ 1381 1380 1419 1771 671 1420 }
N2326(1380)	{ 1379 1381 2260 1419 1910 }
N2326(1381)	{ 671 1379 1382 1430 1910 1431 1380 }
N2326(1382)	{ 1071 826 671 1430 1381 1294 }
N2326(1383)	{ 1385 711 1628 174 2274 1627 710 }
N2326(1384)	{ 724 1415 2274 710 2088 }
N2326(1385)	{ 710 1383 711 1688 727 724 }
N2326(1386)	{ 1391 757 758 2023 72 2022 }
N2326(1387)	{ 2019 2021 2020 1388 2023 2022 2018 }
N2326(1388)	{ 1389 2021 647 2022 758 1387 }
N2326(1389)	{ 1388 647 758 1991 1390 1992 651 759 }
N2326(1390)	{ 1391 758 431 1991 1389 1990 }
N2326(1391)	{ 1390 758 431 1386 757 }
N2326(1392)	{ 452 1629 777 1700 106 451 }
N2326(1393)	{ 452 777 279 1394 778 987 }
N2326(1394)	{ 778 107 1393 987 }
N2326(1395)	{ 1913 1912 1400 1915 1911 1914 }
N2326(1396)	{ 822 821 2312 2261 2310 }
N2326(1397)	{ 1916 2264 1398 2263 2312 2262 2261 }
N2326(1398)	{ 1920 1916 1399 2264 1397 1919 }
N2326(1399)	{ 1398 1919 1921 1924 1920 1923 }
N2326(1400)	{ 1913 1914 1395 1748 822 1924 1920 1749 }
N2326(1401)	{ 1402 840 176 1520 241 407 }
N2326(1402)	{ 1401 840 176 1631 1630 1403 }
N2326(1403)	{ 840 1631 1402 1864 1404 815 }
N2326(1404)	{ 1212 840 1864 1403 23 }
N2326(1405)	{ 356 1691 1784 1877 1433 1876 2257 2209 1787 }
N2326(1406)	{ 874 1407 627 1877 873 632 }
N2326(1407)	{ 1406 876 627 630 1878 873 1408 }
N2326(1408)	{ 1633 630 1878 1407 1409 }
N2326(1409)	{ 1634 1633 1878 1408 1632 }
N2326(1410)	{ 893 889 892 19 1097 1096 }
N2326(1411)	{ 1906 1837 1478 2089 1412 2088 }
N2326(1412)	{ 1837 1836 2089 1411 2215 1770 935 }
N2326(1413)	{ 1635 2090 1414 935 2133 1636 1637 }
N2326(1414)	{ 2090 1413 2249 1637 1415 }
N2326(1415)	{ 1384 2088 2090 2089 2249 724 1414 }
N2326(1416)	{ 739 1638 1829 1639 947 }
N2326(1417)	{ 971 973 1771 1420 68 }
N2326(1418)	{ 669 972 2260 1419 670 }
N2326(1419)	{ 972 1420 973 1379 2260 1418 1380 }
N2326(1420)	{ 973 1419 1771 1379 1417 }
N2326(1421)	{ 1238 1464 1239 1457 2156 1463 1746 }
N2326(1422)	{ 965 1917 1280 1745 2156 1463 1203 }
N2326(1423)	{ 1499 1488 1424 1745 34 1642 }
N2326(1424)	{ 1488 1286 1640 1487 1642 1423 1425 }
N2326(1425)	{ 1424 1665 1642 1671 1640 1426 }
N2326(1426)	{ 1665 1456 1671 1425 1457 }
N2326(1427)	{ 1063 1580 1450 870 1645 1579 1644 }
N2326(1428)	{ 1646 1064 1928 1582 2091 1449 1581 }
N2326(1429)	{ 1645 1579 1646 2221 1647 1643 }
N2326(1430)	{ 1382 1431 1381 1072 2148 1432 1294 }
N2326(1431)	{ 1072 1073 1430 1910 670 1381 }
N2326(1432)	{ 1072 1074 2148 1430 1075 }
N2326(1433)	{ 1076 1296 356 1085 1877 1405 632 }
N2326(1434)	{ 1156 1435 1678 1587 1677 }
N2326(1435)	{ 1588 1156 1677 1157 1434 }
N2326(1436)	{ 1650 1437 1649 1164 1831 1648 1651 }
N2326(1437)	{ 1164 67 1165 1650 1436 614 }
N2326(1438)	{ 67 1164 1651 1738 1737 1184 }
N2326(1439)	{ 1654 1662 1652 1653 2276 1440 1441 }
N2326(1440)	{ 1655 1654 1442 2276 1444 1439 }
N2326(1441)	{ 1653 1451 2276 1773 1439 }
N2326(1442)	{ 1655 1440 1443 1657 1444 1656 }
N2326(1443)	{ 1655 1656 1442 2117 1175 1176 }
N2326(1444)	{ 1442 1657 1661 2276 1440 1773 }
N2326(1445)	{ 1661 1660 1925 1957 1956 1773 }
N2326(1446)	{ 1450 1179 2014 1063 2015 1180 1447 }
N2326(1447)	{ 1179 2015 1446 1926 }
N2326(1448)	{ 1928 1927 1930 1926 1449 }
N2326(1449)	{ 1928 1448 1428 2092 2091 1930 }
N2326(1450)	{ 1446 1063 1427 1580 2092 2091 1179 }
N2326(1451)	{ 1331 1255 1653 1131 1441 1957 1773 1493 }
N2326(1452)	{ 1652 1182 657 2201 2200 1175 }
N2326(1453)	{ 1043 1663 1454 809 1858 1198 1197 }
N2326(1454)	{ 1453 1198 1664 1670 1663 1669 }
N2326(1455)	{ 1237 1777 1240 1199 1900 35 1278 }
N2326(1456)	{ 1665 1426 1746 1203 1457 }
N2326(1457)	{ 1464 1204 1426 1746 1456 1421 1892 1486 1671 }
N2326(1458)	{ 1284 1207 2181 2116 1459 }
N2326(1459)	{ 1044 1284 2181 1458 1206 }
N2326(1460)	{ 1226 906 904 1317 1114 }
N2326(1461)	{ 1101 899 1331 1228 1132 1131 }
N2326(1462)	{ 1234 1471 1256 2155 939 1233 }
N2326(1463)	{ 965 1238 2156 1422 1421 }
N2326(1464)	{ 1204 1237 1457 1240 1239 1421 }
N2326(1465)	{ 1482 966 1483 1281 1239 }
N2326(1466)	{ 1470 985 1253 1775 245 1467 }
N2326(1467)	{ 1466 1253 2064 1776 1775 }
N2326(1468)	{ 1253 1469 2018 2068 1776 2067 }
N2326(1469)	{ 1470 1253 71 2018 1468 72 }
N2326(1470)	{ 1466 985 1253 1254 71 1469 }
N2326(1471)	{ 1462 1256 1002 1233 2216 1257 2154 }
N2326(1472)	{ 1261 1260 1473 1264 1257 }
N2326(1473)	{ 1472 1264 1265 2217 1257 1607 }
N2326(1474)	{ 1578 938 1269 2295 937 2133 }
N2326(1475)	{ 2265 1273 2268 1476 1274 }
N2326(1476)	{ 2266 2265 1666 2268 1475 2267 }
N2326(1477)	{ 2268 2267 1668 2285 1666 1667 }
N2326(1478)	{ 1668 1479 1906 1667 2088 1411 22 }
N2326(1479)	{ 22 1480 1275 1668 1274 1478 }
N2326(1480)	{ 1273 1272 1274 1034 1275 1479 }
N2326(1481)	{ 1039 1277 1279 1300 1105 1301 }
N2326(1482)	{ 1281 1282 1465 1042 966 }
N2326(1483)	{ 1465 1239 1281 1669 1484 1777 1240 1664 }
N2326(1484)	{ 1281 1282 1669 1485 1483 }
N2326(1485)	{ 1484 1670 1669 1282 }
N2326(1486)	{ 1641 1204 35 1892 1457 2114 1285 }
N2326(1487)	{ 1286 1424 1671 1640 1283 }
N2326(1488)	{ 1286 1424 1499 1423 1207 }
N2326(1489)	{ 1044 1283 1892 1285 1671 }
N2326(1490)	{ 187 1287 2017 191 830 }
N2326(1491)	{ 1219 1301 1279 1492 1220 1278 }
N2326(1492)	{ 1491 1220 1278 1305 1311 1493 1302 1223 }
N2326(1493)	{ 1492 1255 1314 1225 1223 1302 1957 1451 1900 }
N2326(1494)	{ 1310 1109 1306 1311 1305 1106 }
N2326(1495)	{ 1127 652 1129 1496 1328 910 }
N2326(1496)	{ 1330 1328 1495 1722 1128 910 }
N2326(1497)	{ 1340 2157 8 1613 }
N2326(1498)	{ 1781 1782 1499 1783 1780 1501 }
N2326(1499)	{ 1423 1488 1782 1498 34 1207 2124 2123 1781 }
N2326(1500)	{ 1782 34 2311 1917 1501 }
N2326(1501)	{ 1782 1498 1783 2311 2310 1500 }
N2326(1502)	{ 312 1503 554 1785 836 51 }
N2326(1503)	{ 1502 554 1960 51 1981 306 305 }
N2326(1504)	{ 1784 1788 1787 1960 1785 1786 }
N2326(1505)	{ 79 816 1866 1865 818 }
N2326(1506)	{ 704 1169 1515 1188 130 }
N2326(1507)	{ 1789 1511 2093 1513 168 }
N2326(1508)	{ 1509 1934 1512 1931 2093 169 168 }
N2326(1509)	{ 168 1508 1932 1510 1931 }
N2326(1510)	{ 802 1511 168 1143 1932 1509 167 }
N2326(1511)	{ 168 1510 1507 1789 2056 1962 1143 }
N2326(1512)	{ 169 863 1934 1508 1933 }
N2326(1513)	{ 1961 269 1789 2093 169 1507 }
N2326(1514)	{ 1521 712 2152 177 405 }
N2326(1515)	{ 1188 1506 130 835 37 1850 95 64 }
N2326(1516)	{ 309 120 316 308 317 121 }
N2326(1517)	{ 163 1021 1518 392 707 }
N2326(1518)	{ 392 737 1517 173 162 707 1549 946 385 }
N2326(1519)	{ 242 711 1521 406 712 }
N2326(1520)	{ 78 406 241 177 407 1401 }
N2326(1521)	{ 406 1519 177 712 1514 }
N2326(1522)	{ 1694 432 762 1790 1523 760 }
N2326(1523)	{ 432 1522 1790 1793 1692 1792 }
N2326(1524)	{ 1793 1693 1992 650 1792 2178 1526 1525 }
N2326(1525)	{ 650 1121 1761 2178 1524 1898 }
N2326(1526)	{ 432 1693 1694 2178 2094 1524 }
N2326(1527)	{ 994 573 1169 54 1345 }
N2326(1528)	{ 158 600 604 1529 159 385 }
N2326(1529)	{ 1528 159 389 866 1549 388 385 }
N2326(1530)	{ 628 1558 2095 1965 1531 2254 1084 797 }
N2326(1531)	{ 628 1536 1532 2095 1533 1530 }
N2326(1532)	{ 628 1531 1567 798 2195 1536 882 }
N2326(1533)	{ 2095 1531 2098 1536 1534 }
N2326(1534)	{ 2096 2095 1537 2098 1533 2097 }
N2326(1535)	{ 634 633 2197 1538 2196 }
N2326(1536)	{ 1531 1533 1532 2196 633 2098 2195 }
N2326(1537)	{ 1624 2096 1862 2097 634 1534 }
N2326(1538)	{ 1378 634 1535 2198 12 2197 }
N2326(1539)	{ 645 891 1716 753 892 }
N2326(1540)	{ 2008 2220 2218 2224 2219 1734 }
N2326(1541)	{ 1542 2220 661 2223 2219 1134 }
N2326(1542)	{ 1541 1134 1987 661 1988 919 1985 }
N2326(1543)	{ 662 38 2012 1544 2007 }
N2326(1544)	{ 1798 662 1545 1985 1986 2012 2011 1543 }
N2326(1545)	{ 1799 1798 1544 1989 1985 31 }
N2326(1546)	{ 1797 1798 2226 1795 1799 }
N2326(1547)	{ 682 681 976 1849 691 695 }
N2326(1548)	{ 682 685 976 688 683 103 }
N2326(1549)	{ 388 1529 946 1518 385 1829 667 947 }
N2326(1550)	{ 741 398 1620 1360 75 }
N2326(1551)	{ 1698 279 2320 2319 1979 }
N2326(1552)	{ 630 1374 1369 1557 1555 876 }
N2326(1553)	{ 800 797 1554 799 798 }
N2326(1554)	{ 1553 799 1908 1555 1909 1370 798 }
N2326(1555)	{ 1557 799 1552 1908 1554 1369 }
N2326(1556)	{ 799 1803 1557 1804 1564 800 }
N2326(1557)	{ 799 1555 1552 1803 1556 876 }
N2326(1558)	{ 631 877 1084 1800 57 1965 1559 1530 }
N2326(1559)	{ 1800 1801 1965 1558 1802 }
N2326(1560)	{ 841 839 1212 1211 2237 2152 1213 }
N2326(1561)	{ 448 755 101 854 962 675 }
N2326(1562)	{ 1803 627 2313 875 874 }
N2326(1563)	{ 1804 2254 797 2269 875 2253 }
N2326(1564)	{ 1803 1804 1556 875 }
N2326(1565)	{ 1569 882 1805 1566 1568 }
N2326(1566)	{ 882 1567 1621 1805 1565 1622 }
N2326(1567)	{ 798 1532 882 1621 1371 1566 }
N2326(1568)	{ 1569 885 1565 2024 1572 1805 }
N2326(1569)	{ 1568 882 1565 1570 885 641 }
N2326(1570)	{ 1569 885 641 1882 1879 1571 }
N2326(1571)	{ 1572 885 13 1882 1881 1570 }
N2326(1572)	{ 1571 885 13 2024 1568 640 }
N2326(1573)	{ 144 963 1359 855 1362 2002 14 95 }
N2326(1574)	{ 1577 1935 968 2079 967 129 }
N2326(1575)	{ 1806 1576 1935 1679 968 }
N2326(1576)	{ 1577 968 1806 1575 53 }
N2326(1577)	{ 968 1574 1576 1724 53 967 }
N2326(1578)	{ 1023 1235 1022 938 1474 1269 }
N2326(1579)	{ 1580 1645 1427 1646 1429 1064 }
N2326(1580)	{ 1427 1579 1064 2091 1581 1450 }
N2326(1581)	{ 1064 2091 1428 1580 }
N2326(1582)	{ 1647 1646 1428 1928 1929 2314 2029 1612 }
N2326(1583)	{ 1090 1092 1091 1880 1093 883 }
N2326(1584)	{ 1092 1585 1707 2198 1091 2075 }
N2326(1585)	{ 1092 1707 1584 1586 }
N2326(1586)	{ 1092 1707 1585 1881 1706 1093 }
N2326(1587)	{ 1678 1247 1434 1156 1966 1807 684 }
N2326(1588)	{ 1435 1156 1967 1807 1 2187 1158 1157 }
N2326(1589)	{ 1590 1160 1728 1018 1159 }
N2326(1590)	{ 1017 929 1018 1229 1160 1161 1589 }
N2326(1591)	{ 1756 1366 1812 1808 2014 1595 1757 }
N2326(1592)	{ 1812 1808 1972 1811 1809 }
N2326(1593)	{ 1594 626 1811 1177 625 }
N2326(1594)	{ 1177 1593 2015 1180 626 }
N2326(1595)	{ 1812 1177 2014 1180 1591 }
N2326(1596)	{ 766 1190 1189 2100 1192 1193 }
N2326(1597)	{ 2100 1192 2101 2166 2102 2099 }
N2326(1598)	{ 1813 2166 2165 2193 637 1814 }
N2326(1599)	{ 1323 649 1226 1113 904 }
N2326(1600)	{ 59 1163 1162 1601 1232 1161 }
N2326(1601)	{ 1600 928 1229 1161 1232 1903 1602 1231 }
N2326(1602)	{ 1601 2025 1903 2027 1603 1232 }
N2326(1603)	{ 2027 1602 1604 2062 2025 2026 }
N2326(1604)	{ 2026 436 2027 1603 1605 }
N2326(1605)	{ 436 1604 2137 1189 2256 2027 2136 }
N2326(1606)	{ 977 1248 1817 1710 1742 }
N2326(1607)	{ 1904 1265 32 2217 1473 919 }
N2326(1608)	{ 2159 2160 2162 2158 2161 }
N2326(1609)	{ 2159 2271 2270 2272 2160 2087 }
N2326(1610)	{ 1338 1820 1337 2161 1818 1819 }
N2326(1611)	{ 1339 1643 1340 1065 }
N2326(1612)	{ 2028 1340 1647 2314 1613 1582 }
N2326(1613)	{ 1340 1497 2314 2157 1612 }
N2326(1614)	{ 1762 1341 1337 1823 1825 1763 1824 }
N2326(1615)	{ 1355 221 220 146 2063 360 1616 }
N2326(1616)	{ 859 826 146 1771 671 2063 667 1615 }
N2326(1617)	{ 398 411 413 1618 1360 185 }
N2326(1618)	{ 185 1617 1619 186 1360 }
N2326(1619)	{ 1618 1360 186 2104 1620 2103 }
N2326(1620)	{ 1550 1360 75 2104 1931 1619 }
N2326(1621)	{ 1371 1567 1622 1372 1566 }
N2326(1622)	{ 1621 1372 1566 2030 1623 1805 }
N2326(1623)	{ 1372 2030 1622 1373 2073 2072 640 }
N2326(1624)	{ 634 1375 1625 1862 1861 1537 }
N2326(1625)	{ 1861 1624 1860 2145 2140 1375 }
N2326(1626)	{ 635 1376 2145 2144 1375 }
N2326(1627)	{ 2274 1383 2275 1628 2273 }
N2326(1628)	{ 1383 174 2275 1687 1627 }
N2326(1629)	{ 1392 1699 451 777 }
N2326(1630)	{ 1402 176 1828 1631 1827 }
N2326(1631)	{ 1402 1403 1828 1630 815 }
N2326(1632)	{ 1878 1409 2209 1634 1876 }
N2326(1633)	{ 1408 630 1409 2298 1634 623 }
N2326(1634)	{ 1409 1632 2209 2298 2297 1633 }
N2326(1635)	{ 1413 2214 1636 2215 936 935 }
N2326(1636)	{ 1413 1635 2214 2295 2239 2133 }
N2326(1637)	{ 2133 1413 2249 714 1414 }
N2326(1638)	{ 739 1416 1830 1639 1853 1649 394 }
N2326(1639)	{ 1416 1830 1638 1829 }
N2326(1640)	{ 1424 1671 1425 1487 }
N2326(1641)	{ 1204 1486 35 }
N2326(1642)	{ 1424 1425 1745 1423 1665 }
N2326(1643)	{ 1611 1065 1645 1644 1340 2221 1429 2028 }
N2326(1644)	{ 1065 870 1645 1643 1427 }
N2326(1645)	{ 1429 1643 1579 1644 1427 }
N2326(1646)	{ 1579 1428 1064 1647 1429 1582 }
N2326(1647)	{ 1646 1582 1612 2221 1429 2028 }
N2326(1648)	{ 1649 1831 1436 1830 }
N2326(1649)	{ 1436 1830 1648 1853 1650 1638 }
N2326(1650)	{ 1436 1437 1853 1649 614 }
N2326(1651)	{ 1164 1438 1831 1436 1737 }
N2326(1652)	{ 1452 1655 1654 1175 1662 1182 1439 }
N2326(1653)	{ 1441 1451 1131 1662 1133 1439 }
N2326(1654)	{ 1439 1655 1440 1652 }
N2326(1655)	{ 1654 1440 1652 1442 1443 1175 }
N2326(1656)	{ 1443 1442 1658 1176 1657 }
N2326(1657)	{ 1442 1656 1661 1444 1658 }
N2326(1658)	{ 1656 1176 1661 1657 1660 }
N2326(1659)	{ 1772 1959 2182 2169 2111 1176 2236 1943 2235 }
N2326(1660)	{ 1661 1658 1176 1925 1445 1772 }
N2326(1661)	{ 1657 1658 1660 1773 1444 1445 }
N2326(1662)	{ 1181 1182 1133 1652 1439 1653 }
N2326(1663)	{ 1453 1670 1454 809 }
N2326(1664)	{ 807 1198 1669 1454 1777 1483 1199 }
N2326(1665)	{ 1425 1456 1426 1745 1203 1642 }
N2326(1666)	{ 2267 1476 2266 2285 2283 1477 }
N2326(1667)	{ 1668 1478 1906 2285 1477 2284 }
N2326(1668)	{ 1667 1479 1478 2268 1274 1477 }
N2326(1669)	{ 1484 1483 1664 1670 1454 1485 }
N2326(1670)	{ 1663 1454 809 1669 1485 1282 }
N2326(1671)	{ 1640 1425 1487 1426 1283 1892 1489 1457 }
N2326(1672)	{ 2046 1938 2109 1941 416 2324 422 2301 }
N2326(1673)	{ 2110 1944 2233 1941 2236 1943 1942 }
N2326(1674)	{ 1678 41 1710 1247 1675 }
N2326(1675)	{ 687 104 41 1710 688 1674 }
N2326(1676)	{ 687 1677 1157 41 }
N2326(1677)	{ 1676 1157 1435 1678 1434 41 }
N2326(1678)	{ 1247 1587 1674 1434 1677 41 }
N2326(1679)	{ 1680 1353 1806 128 1935 50 1575 }
N2326(1680)	{ 1679 1353 128 127 1354 }
N2326(1681)	{ 969 1788 1354 1979 1698 1787 }
N2326(1682)	{ 82 81 1686 1683 1348 }
N2326(1683)	{ 1686 1684 1682 81 2190 2129 696 }
N2326(1684)	{ 142 696 143 1686 1685 1683 }
N2326(1685)	{ 1686 1684 1349 1847 143 1350 }
N2326(1686)	{ 1685 1684 1349 1683 1682 1348 }
N2326(1687)	{ 174 712 405 2275 1628 713 }
N2326(1688)	{ 727 1385 2250 239 724 }
N2326(1689)	{ 276 277 2203 539 44 }
N2326(1690)	{ 288 582 1946 289 135 }
N2326(1691)	{ 56 216 356 352 1784 305 1405 }
N2326(1692)	{ 432 1793 1693 1523 }
N2326(1693)	{ 1694 432 1526 1793 1692 1524 }
N2326(1694)	{ 432 1522 1693 762 2094 1526 433 }
N2326(1695)	{ 445 674 1947 774 858 }
N2326(1696)	{ 451 1697 1726 2240 2164 1700 }
N2326(1697)	{ 451 1699 1726 1725 1696 }
N2326(1698)	{ 969 279 1699 52 777 1979 1551 1681 }
N2326(1699)	{ 451 1629 1698 777 1725 1697 52 }
N2326(1700)	{ 1392 451 2240 1696 106 }
N2326(1701)	{ 515 175 1170 1852 240 716 }
N2326(1702)	{ 2076 2075 2194 12 1703 }
N2326(1703)	{ 1813 2077 2076 1704 2194 637 1702 }
N2326(1704)	{ 1816 1813 16 2077 1703 1705 }
N2326(1705)	{ 16 2077 1706 1704 1178 2324 2301 418 }
N2326(1706)	{ 642 1178 1707 1881 13 1586 2077 638 1705 }
N2326(1707)	{ 1706 1585 1586 2075 1584 638 }
N2326(1708)	{ 1709 1740 1739 1741 668 1736 }
N2326(1709)	{ 668 1185 1184 1739 1738 1708 }
N2326(1710)	{ 683 977 688 1674 1675 1817 1606 1247 }
N2326(1711)	{ 717 1172 1828 1827 1713 }
N2326(1712)	{ 817 1713 717 816 2255 1171 666 }
N2326(1713)	{ 717 1712 1711 1865 1828 816 }
N2326(1714)	{ 1715 753 2001 852 2212 891 419 }
N2326(1715)	{ 852 420 1714 753 1735 1716 851 }
N2326(1716)	{ 753 1539 1735 1715 892 }
N2326(1717)	{ 1361 211 784 723 113 864 785 }
N2326(1718)	{ 808 1039 1202 1279 }
N2326(1719)	{ 189 1210 1720 833 832 }
N2326(1720)	{ 1719 833 1721 2174 832 2173 }
N2326(1721)	{ 2064 1775 2173 190 1720 2208 833 244 }
N2326(1722)	{ 1128 1496 910 20 1967 2 2290 2289 1329 }
N2326(1723)	{ 1724 970 967 2164 2163 1726 }
N2326(1724)	{ 1723 1577 967 1980 970 53 }
N2326(1725)	{ 1699 1726 1697 1980 970 52 }
N2326(1726)	{ 970 1725 1697 2164 1723 1696 }
N2326(1727)	{ 1019 1728 2302 94 1744 }
N2326(1728)	{ 1019 1018 1589 1744 1727 1159 }
N2326(1729)	{ 846 1054 1056 1894 1057 1730 }
N2326(1730)	{ 1056 1729 1894 1053 2107 2105 2106 }
N2326(1731)	{ 1732 2052 1948 2051 }
N2326(1732)	{ 2051 1950 1731 2222 1948 1733 }
N2326(1733)	{ 1950 918 1732 2223 2222 1134 }
N2326(1734)	{ 2008 38 2016 1000 1135 2224 1540 2222 }
N2326(1735)	{ 1716 1715 892 851 1155 }
N2326(1736)	{ 1741 1708 667 1829 1831 1830 1740 }
N2326(1737)	{ 1738 1438 1831 1651 1183 }
N2326(1738)	{ 1737 1184 1438 1739 1183 1709 }
N2326(1739)	{ 1738 1709 1740 1708 1183 }
N2326(1740)	{ 1708 1739 1831 1183 1736 }
N2326(1741)	{ 1186 668 1708 1736 1771 68 667 }
N2326(1742)	{ 1187 1248 1817 1606 684 }
N2326(1743)	{ 1195 1194 1744 2303 2302 1951 }
N2326(1744)	{ 1195 768 769 1159 1728 2302 1727 1743 }
N2326(1745)	{ 1203 1423 1642 1665 1917 1422 34 }
N2326(1746)	{ 1456 1457 2156 1421 1203 }
N2326(1747)	{ 1208 1748 823 1752 1210 1209 }
N2326(1748)	{ 1747 1749 1209 1914 1400 823 }
N2326(1749)	{ 1748 1209 1750 1924 1400 1923 }
N2326(1750)	{ 1209 1751 1749 2278 1839 1923 }
N2326(1751)	{ 1209 1752 1839 1750 1838 }
N2326(1752)	{ 1210 1747 1209 1838 1751 832 }
N2326(1753)	{ 1754 868 1758 1215 869 }
N2326(1754)	{ 1753 868 1368 1755 1215 1367 }
N2326(1755)	{ 1754 1367 1756 1366 1215 }
N2326(1756)	{ 1366 1755 1757 1591 1215 }
N2326(1757)	{ 1756 1215 1216 2014 1591 1062 }
N2326(1758)	{ 1215 1753 1216 869 1217 1067 }
N2326(1759)	{ 1110 1111 1307 651 649 1760 1313 1113 }
N2326(1760)	{ 1313 1316 1759 1113 }
N2326(1761)	{ 1121 907 905 1029 1525 2101 750 1898 }
N2326(1762)	{ 1614 1820 1337 1952 1341 1765 }
N2326(1763)	{ 1825 1614 1341 1953 1952 1764 }
N2326(1764)	{ 1953 1763 1826 9 2314 1825 2029 }
N2326(1765)	{ 1820 1762 1952 1954 2293 1973 1833 }
N2326(1766)	{ 1836 27 2034 1835 1342 }
N2326(1767)	{ 2032 2034 2031 2033 }
N2326(1768)	{ 2033 1769 2229 2228 2032 }
N2326(1769)	{ 2033 1770 936 2228 1768 2214 }
N2326(1770)	{ 1836 2033 1342 1769 2215 936 1412 }
N2326(1771)	{ 671 1379 1616 1420 1417 68 1741 667 }
N2326(1772)	{ 1176 1660 1925 1959 1955 1659 }
N2326(1773)	{ 1661 1957 1445 1451 2276 1444 1441 }
N2326(1774)	{ 1956 1957 1955 1959 2291 2055 1958 }
N2326(1775)	{ 245 1466 244 2064 1721 1467 }
N2326(1776)	{ 1253 1467 2068 2064 1468 }
N2326(1777)	{ 1240 1455 1483 1199 1664 }
N2326(1778)	{ 1824 1823 2277 8 1779 }
N2326(1779)	{ 1824 2277 1778 2314 1825 2157 }
N2326(1780)	{ 1783 32 1498 2125 1136 1781 }
N2326(1781)	{ 1498 1499 2125 1780 2124 }
N2326(1782)	{ 1498 1501 1499 1500 34 }
N2326(1783)	{ 1780 1498 1867 32 2310 821 1501 }
N2326(1784)	{ 1691 1786 305 1787 1504 1405 }
N2326(1785)	{ 836 1502 1788 837 1960 51 1504 }
N2326(1786)	{ 1784 1960 1504 305 }
N2326(1787)	{ 1784 1788 1504 1681 2257 1405 2320 1979 1066 }
N2326(1788)	{ 1504 1785 1787 837 1354 1681 }
N2326(1789)	{ 1507 1513 1962 1511 1961 }
N2326(1790)	{ 1522 760 1792 1523 1791 }
N2326(1791)	{ 760 1790 431 1993 1792 1990 }
N2326(1792)	{ 1790 1793 1523 1524 1993 1791 1992 }
N2326(1793)	{ 1692 1693 1523 1524 1792 }
N2326(1794)	{ 1795 2226 2227 2229 2225 2228 }
N2326(1795)	{ 1797 1796 2225 425 2226 1546 1794 }
N2326(1796)	{ 425 33 659 1797 38 1795 }
N2326(1797)	{ 38 1795 1796 1798 662 1546 }
N2326(1798)	{ 662 1544 1797 1799 1545 1546 }
N2326(1799)	{ 1545 1798 1546 2227 2226 31 }
N2326(1800)	{ 1558 1559 2035 1801 57 }
N2326(1801)	{ 1559 1802 1800 2035 2057 1963 2036 }
N2326(1802)	{ 1801 1963 1965 1559 1964 }
N2326(1803)	{ 1564 1556 875 1557 876 627 1562 }
N2326(1804)	{ 1564 1556 875 800 797 1563 }
N2326(1805)	{ 1565 1566 1568 2030 1622 2024 }
N2326(1806)	{ 1575 1576 1679 53 52 969 128 }
N2326(1807)	{ 1156 1587 1967 1588 1966 }
N2326(1808)	{ 1366 1812 1591 1592 1809 2070 1968 622 }
N2326(1809)	{ 1968 1808 1972 1592 1810 }
N2326(1810)	{ 1972 1809 1971 2074 1968 1969 }
N2326(1811)	{ 1593 1812 1177 1972 1592 625 }
N2326(1812)	{ 1177 1595 1811 1591 1808 1592 }
N2326(1813)	{ 637 1703 1704 2165 1598 1816 }
N2326(1814)	{ 1193 1189 2166 2099 2193 2137 1598 }
N2326(1815)	{ 2166 2102 2168 2165 2167 }
N2326(1816)	{ 1704 1813 2168 2165 16 }
N2326(1817)	{ 1606 1710 1742 1247 684 }
N2326(1818)	{ 1820 1821 1610 2162 2161 1822 }
N2326(1819)	{ 1338 2161 1610 2272 2160 1339 }
N2326(1820)	{ 1337 1762 1610 1818 1833 1821 1765 }
N2326(1821)	{ 1818 1822 1833 1832 1820 }
N2326(1822)	{ 1821 2162 1818 2243 1832 3 }
N2326(1823)	{ 8 1338 1337 1824 1778 1614 }
N2326(1824)	{ 1778 1823 1825 1614 1779 }
N2326(1825)	{ 1763 1614 1824 2314 1764 1779 }
N2326(1826)	{ 1764 1953 1954 9 2294 1936 1974 2108 }
N2326(1827)	{ 1172 176 1828 1630 1711 }
N2326(1828)	{ 1631 1630 1827 1711 1865 815 1713 }
N2326(1829)	{ 667 1416 947 1549 1830 1639 1736 }
N2326(1830)	{ 1649 1638 1639 1829 1831 1648 1736 }
N2326(1831)	{ 1648 1436 1830 1651 1737 1183 1740 1736 }
N2326(1832)	{ 1821 1822 2244 2243 1833 }
N2326(1833)	{ 1821 1820 1832 2244 2293 1765 2245 }
N2326(1834)	{ 1835 450 27 1836 1907 1905 180 }
N2326(1835)	{ 27 1834 450 449 2034 1766 2031 }
N2326(1836)	{ 1766 1342 27 1770 1412 1905 1837 1834 }
N2326(1837)	{ 1412 1836 1906 1905 1411 }
N2326(1838)	{ 1752 1839 1751 29 2175 832 1844 }
N2326(1839)	{ 1751 1838 1750 2279 2278 29 }
N2326(1840)	{ 1043 1038 1041 1918 1922 2279 2278 1841 }
N2326(1841)	{ 1038 1040 1844 1842 2279 1840 29 }
N2326(1842)	{ 1040 1844 1841 2021 1843 1104 }
N2326(1843)	{ 2021 1842 2020 2176 2066 1844 }
N2326(1844)	{ 1842 1841 29 1838 2176 2175 1843 }
N2326(1845)	{ 2231 2038 2286 1846 2037 }
N2326(1846)	{ 2231 93 1845 2316 1847 2286 }
N2326(1847)	{ 1013 143 93 1685 2316 1350 1846 }
N2326(1848)	{ 1015 1013 94 2231 2230 93 }
N2326(1849)	{ 692 109 691 695 1547 }
N2326(1850)	{ 95 1515 1362 64 66 }
N2326(1851)	{ 1345 212 130 723 835 }
N2326(1852)	{ 1701 240 729 2039 716 728 }
N2326(1853)	{ 1650 1649 1638 1984 614 394 }
N2326(1854)	{ 708 267 709 618 172 400 37 }
N2326(1855)	{ 1145 1856 1144 1857 806 933 }
N2326(1856)	{ 806 1855 2232 18 1144 }
N2326(1857)	{ 806 1855 933 805 2287 2040 2041 }
N2326(1858)	{ 1198 1453 807 1197 1200 1202 }
N2326(1859)	{ 814 1997 813 1964 }
N2326(1860)	{ 1861 813 2000 812 1194 2140 1625 442 }
N2326(1861)	{ 1860 1625 1862 813 1624 }
N2326(1862)	{ 1861 813 1624 814 2096 1537 1863 }
N2326(1863)	{ 814 1965 2096 1862 2095 }
N2326(1864)	{ 1403 1404 23 1866 815 818 }
N2326(1865)	{ 1828 1713 816 1866 815 1505 }
N2326(1866)	{ 815 1864 1865 818 1505 }
N2326(1867)	{ 1007 32 1783 1868 820 821 }
N2326(1868)	{ 1867 820 1912 821 1869 }
N2326(1869)	{ 1870 820 87 1912 1868 1911 }
N2326(1870)	{ 1869 87 1871 820 819 }
N2326(1871)	{ 1870 820 819 1007 1008 86 }
N2326(1872)	{ 1873 848 847 2251 958 2001 }
N2326(1873)	{ 848 1060 1872 849 957 958 }
N2326(1874)	{ 1249 1875 146 1947 858 147 }
N2326(1875)	{ 858 465 1874 860 859 146 }
N2326(1876)	{ 1877 1878 873 2209 1632 1405 }
N2326(1877)	{ 873 1876 1406 1405 1433 632 }
N2326(1878)	{ 873 1407 1876 1408 1409 1632 }
N2326(1879)	{ 641 1090 1880 883 1882 884 1570 }
N2326(1880)	{ 1879 1583 883 1881 884 1093 }
N2326(1881)	{ 1880 13 1706 1586 1093 1882 884 1571 }
N2326(1882)	{ 884 1879 1881 1570 1571 }
N2326(1883)	{ 698 699 1884 923 141 }
N2326(1884)	{ 923 141 1883 924 2190 2189 696 }
N2326(1885)	{ 1005 2042 663 1887 }
N2326(1886)	{ 1004 1005 1975 1887 1976 1262 39 }
N2326(1887)	{ 1005 1886 2039 2042 1885 715 2255 1975 716 }
N2326(1888)	{ 1271 1889 1033 2103 186 167 2205 1891 1032 }
N2326(1889)	{ 1034 1271 1890 1033 1276 1888 }
N2326(1890)	{ 1889 1891 1033 2206 803 1276 }
N2326(1891)	{ 1890 1033 2205 803 1888 }
N2326(1892)	{ 1285 1489 1486 1671 1457 }
N2326(1893)	{ 2043 842 1054 2044 2045 2318 2289 15 }
N2326(1894)	{ 1729 1730 2147 1057 2105 }
N2326(1895)	{ 2107 749 2105 2290 2147 1329 }
N2326(1896)	{ 766 1190 1191 2280 1897 435 }
N2326(1897)	{ 1191 1896 2280 2282 2281 1898 }
N2326(1898)	{ 1191 2101 1761 1899 1525 2282 1897 2178 }
N2326(1899)	{ 1191 766 2101 1898 1192 }
N2326(1900)	{ 1455 1278 1302 1493 1957 2326 35 }
N2326(1901)	{ 927 928 1902 926 1231 }
N2326(1902)	{ 1901 1231 1903 2059 2171 2060 926 }
N2326(1903)	{ 1601 1231 1602 2059 1902 2025 }
N2326(1904)	{ 1265 664 1607 1007 32 }
N2326(1905)	{ 1836 1906 1837 1907 1343 1834 }
N2326(1906)	{ 1905 1478 1411 1837 2284 1343 1667 }
N2326(1907)	{ 1905 1834 180 1343 2285 2283 2284 }
N2326(1908)	{ 1555 1554 1369 1370 629 }
N2326(1909)	{ 1370 1371 1554 798 }
N2326(1910)	{ 1431 1381 2260 1380 670 }
N2326(1911)	{ 1912 1869 1915 87 1395 }
N2326(1912)	{ 1868 1869 1911 1913 1395 821 }
N2326(1913)	{ 1395 1400 1912 822 821 }
N2326(1914)	{ 1400 1748 1915 1395 823 }
N2326(1915)	{ 1911 87 1395 824 823 1914 }
N2326(1916)	{ 1920 1398 2261 1397 822 }
N2326(1917)	{ 1422 1745 34 1280 1918 2311 2263 1500 }
N2326(1918)	{ 1280 1041 1922 1921 1840 1917 2264 2263 1919 }
N2326(1919)	{ 1921 1399 2264 1398 1918 }
N2326(1920)	{ 1916 1398 822 1924 1400 1399 }
N2326(1921)	{ 1919 1918 1923 1399 1922 }
N2326(1922)	{ 1918 1921 2278 1923 1840 }
N2326(1923)	{ 1921 1924 1399 1749 2278 1750 1922 }
N2326(1924)	{ 1920 1400 1399 1749 1923 }
N2326(1925)	{ 1660 1772 1956 1445 1955 }
N2326(1926)	{ 1927 1930 1448 1179 2015 626 1447 }
N2326(1927)	{ 626 1926 1928 1448 625 }
N2326(1928)	{ 1448 1449 1927 1428 642 625 1929 1178 1582 }
N2326(1929)	{ 1928 2029 1582 10 2301 1178 416 }
N2326(1930)	{ 1448 1926 2092 1449 1179 }
N2326(1931)	{ 1509 1934 1508 75 2104 1620 1932 }
N2326(1932)	{ 1509 1510 2104 1931 167 }
N2326(1933)	{ 863 617 616 1934 1512 75 }
N2326(1934)	{ 1512 1508 1933 1931 75 }
N2326(1935)	{ 50 125 1679 129 1574 968 1575 }
N2326(1936)	{ 1973 2294 1974 1826 2293 }
N2326(1937)	{ 2 2245 2294 2293 2108 }
N2326(1938)	{ 2046 1672 1939 2199 422 2047 }
N2326(1939)	{ 1938 2047 2048 2046 2119 2049 2050 }
N2326(1940)	{ 2050 2234 2119 2233 }
N2326(1941)	{ 2046 1672 2110 2109 2233 2050 1673 }
N2326(1942)	{ 2233 2234 2236 1673 2235 }
N2326(1943)	{ 2111 1944 2236 1673 1659 }
N2326(1944)	{ 2110 1673 1943 2112 2109 2111 }
N2326(1945)	{ 417 416 2112 953 2109 }
N2326(1946)	{ 1690 289 135 350 583 }
N2326(1947)	{ 1695 774 858 147 1874 }
N2326(1948)	{ 2052 1731 2222 1135 1732 }
N2326(1949)	{ 2051 1950 2054 2122 2121 2052 }
N2326(1950)	{ 1733 2051 1732 2054 918 1949 }
N2326(1951)	{ 2000 1194 2303 2302 1999 1743 }
N2326(1952)	{ 1341 1762 1763 1954 1953 1765 }
N2326(1953)	{ 1763 1764 1954 1952 1826 }
N2326(1954)	{ 1953 1952 1765 1974 1826 1973 }
N2326(1955)	{ 1956 1925 1959 1772 1774 }
N2326(1956)	{ 1925 1955 1957 1774 1445 }
N2326(1957)	{ 1956 1445 1773 1451 1493 1958 1774 1900 }
N2326(1958)	{ 1957 2291 1774 2326 2183 }
N2326(1959)	{ 1955 1772 1774 1659 2170 2055 2169 }
N2326(1960)	{ 51 1785 1503 1504 1786 305 }
N2326(1961)	{ 269 533 1513 1174 1962 1789 171 }
N2326(1962)	{ 1789 1961 2056 1511 171 }
N2326(1963)	{ 1964 1802 2057 60 1801 }
N2326(1964)	{ 1963 1965 1802 814 1997 60 1859 }
N2326(1965)	{ 1559 1558 1802 814 1964 2095 1863 1530 }
N2326(1966)	{ 1587 684 1967 1807 1187 }
N2326(1967)	{ 1807 1588 1966 1 43 2 1722 1187 }
N2326(1968)	{ 1809 2070 1808 2074 624 1810 }
N2326(1969)	{ 1971 1970 2074 1810 2073 }
N2326(1970)	{ 1971 13 2073 640 1969 }
N2326(1971)	{ 642 1969 1970 13 1972 625 1810 }
N2326(1972)	{ 1811 1592 625 1809 1810 1971 }
N2326(1973)	{ 1974 1954 2293 1765 1936 }
N2326(1974)	{ 1973 1954 2294 1936 1826 }
N2326(1975)	{ 1886 39 2255 1978 1887 }
N2326(1976)	{ 1262 1886 1977 1263 39 }
N2326(1977)	{ 1266 1263 1976 1978 39 1009 }
N2326(1978)	{ 39 1977 665 1009 2255 666 1975 }
N2326(1979)	{ 1698 1681 2320 1551 1787 }
N2326(1980)	{ 970 1724 1725 53 52 }
N2326(1981)	{ 1503 306 305 119 1352 }
N2326(1982)	{ 309 310 1363 553 2113 316 2058 48 }
N2326(1983)	{ 377 374 596 354 585 139 }
N2326(1984)	{ 393 611 614 867 738 394 1853 }
N2326(1985)	{ 1544 1987 1986 1542 1989 1988 1545 }
N2326(1986)	{ 1985 1987 2011 1544 2010 }
N2326(1987)	{ 1985 1542 2010 1986 661 }
N2326(1988)	{ 1542 1985 1989 2217 2216 919 }
N2326(1989)	{ 1985 1545 31 2216 1988 2154 }
N2326(1990)	{ 431 1991 1390 1993 1791 759 }
N2326(1991)	{ 759 1389 1990 1390 }
N2326(1992)	{ 1524 650 651 1389 1993 1792 759 }
N2326(1993)	{ 1792 1791 1992 1990 759 }
N2326(1994)	{ 1996 804 2083 805 2082 }
N2326(1995)	{ 1996 613 2149 1166 804 }
N2326(1996)	{ 1994 804 1995 2041 613 805 }
N2326(1997)	{ 813 1859 1964 1998 60 812 }
N2326(1998)	{ 1997 2000 812 811 1999 2057 60 2036 }
N2326(1999)	{ 2000 2036 1998 2303 811 1951 }
N2326(2000)	{ 812 1860 1998 1194 1951 1999 }
N2326(2001)	{ 847 852 1714 419 2251 1872 750 }
N2326(2002)	{ 14 98 1573 1188 95 }
N2326(2003)	{ 1070 1214 2006 2004 1292 }
N2326(2004)	{ 1217 869 1214 2006 872 2003 }
N2326(2005)	{ 1067 1068 872 2085 871 2006 }
N2326(2006)	{ 872 2004 2003 1292 2085 2005 2084 }
N2326(2007)	{ 2008 38 2012 1543 917 }
N2326(2008)	{ 2007 38 1734 2218 1540 917 }
N2326(2009)	{ 2010 917 2220 661 2218 }
N2326(2010)	{ 2009 1987 661 1986 2012 2011 917 }
N2326(2011)	{ 1986 2012 1544 2010 }
N2326(2012)	{ 2011 1544 2010 1543 2007 917 }
N2326(2013)	{ 931 930 237 2056 171 1142 }
N2326(2014)	{ 1595 1180 1591 1446 1063 1062 1757 }
N2326(2015)	{ 1594 1180 626 1446 1447 1926 }
N2326(2016)	{ 1734 2052 1135 2116 1205 2179 2115 1000 }
N2326(2017)	{ 1490 2128 830 2188 70 17 2252 191 71 }
N2326(2018)	{ 1469 2023 72 1387 2067 1468 2019 }
N2326(2019)	{ 1387 2020 2067 2018 2066 }
N2326(2020)	{ 2021 1387 2066 1843 2019 }
N2326(2021)	{ 2020 1387 1843 1388 647 648 1104 1842 }
N2326(2022)	{ 1388 758 2023 1386 1387 }
N2326(2023)	{ 1386 72 2022 2018 1387 }
N2326(2024)	{ 1572 1568 2030 640 1805 }
N2326(2025)	{ 1602 1903 2062 2059 1603 }
N2326(2026)	{ 1604 436 765 2062 73 1603 }
N2326(2027)	{ 1603 1602 1604 2256 1232 1605 }
N2326(2028)	{ 1612 1340 2221 1647 1643 }
N2326(2029)	{ 1929 9 10 2314 1764 1582 }
N2326(2030)	{ 1623 1622 640 1805 2024 }
N2326(2031)	{ 659 449 2032 425 2034 1835 1767 }
N2326(2032)	{ 2031 2033 1767 425 2229 2225 1768 }
N2326(2033)	{ 2032 1770 1769 1768 2034 1342 1767 }
N2326(2034)	{ 1766 1835 1342 2031 1767 2033 }
N2326(2035)	{ 1800 2036 1801 2315 57 811 }
N2326(2036)	{ 2035 811 1999 2057 1998 1801 }
N2326(2037)	{ 2038 1845 2315 2286 811 }
N2326(2038)	{ 2037 1845 2303 2231 811 }
N2326(2039)	{ 1852 716 1887 715 2249 728 714 }
N2326(2040)	{ 933 1857 2288 934 2287 }
N2326(2041)	{ 613 1996 805 2287 1857 612 }
N2326(2042)	{ 1885 663 1887 1001 1024 715 }
N2326(2043)	{ 842 416 1893 10 15 }
N2326(2044)	{ 1054 1893 2147 1057 2045 }
N2326(2045)	{ 1057 2044 1893 2290 2289 2147 }
N2326(2046)	{ 1938 1672 2050 1941 1939 }
N2326(2047)	{ 2048 1939 2199 658 1938 }
N2326(2048)	{ 2047 1939 2049 2201 658 2117 }
N2326(2049)	{ 2048 2117 1939 2234 2119 2118 }
N2326(2050)	{ 2046 2119 1939 2233 1941 1940 }
N2326(2051)	{ 1950 1732 2052 1731 1949 }
N2326(2052)	{ 1731 1948 2051 1135 2016 1205 2122 1949 36 }
N2326(2053)	{ 2122 2121 36 2123 2125 2120 2124 }
N2326(2054)	{ 1950 918 1136 2121 1949 2120 }
N2326(2055)	{ 1959 2170 2291 1774 2183 }
N2326(2056)	{ 1962 1511 171 1143 1142 2013 }
N2326(2057)	{ 60 1963 1998 1801 2036 }
N2326(2058)	{ 1344 298 2113 1982 315 48 }
N2326(2059)	{ 1903 2060 1902 2062 74 2025 }
N2326(2060)	{ 2059 74 1902 2172 2061 2171 }
N2326(2061)	{ 74 73 764 2172 430 2060 }
N2326(2062)	{ 74 2059 73 2025 1603 2026 }
N2326(2063)	{ 359 388 360 667 1616 1615 }
N2326(2064)	{ 1721 1775 1467 2068 1776 190 }
N2326(2065)	{ 2068 2067 190 2173 2174 2176 2066 2175 }
N2326(2066)	{ 2020 2067 2019 2176 2065 1843 }
N2326(2067)	{ 2018 2066 2019 2068 1468 2065 }
N2326(2068)	{ 1776 2064 1468 190 2065 2067 }
N2326(2069)	{ 224 502 980 148 734 945 }
N2326(2070)	{ 1968 623 1365 622 1808 2071 624 1374 }
N2326(2071)	{ 2070 1369 1374 2072 1373 624 }
N2326(2072)	{ 1373 2071 1623 2074 624 2073 }
N2326(2073)	{ 1623 640 1970 2074 2072 1969 }
N2326(2074)	{ 624 1968 2072 1810 1969 2073 }
N2326(2075)	{ 1707 2076 638 1702 2198 1584 12 }
N2326(2076)	{ 2075 1702 2077 638 1703 }
N2326(2077)	{ 2076 638 1703 1706 1705 1704 }
N2326(2078)	{ 286 105 2292 201 2163 }
N2326(2079)	{ 1574 129 331 2292 112 967 }
N2326(2080)	{ 1037 1032 2083 1036 2304 18 802 }
N2326(2081)	{ 1036 2207 2082 803 }
N2326(2082)	{ 2083 1994 1036 2207 2081 804 }
N2326(2083)	{ 18 805 2080 1994 2082 1036 }
N2326(2084)	{ 1069 1292 2085 2006 1293 }
N2326(2085)	{ 2005 2006 2084 871 2087 1293 2086 }
N2326(2086)	{ 871 2085 2272 2087 1065 }
N2326(2087)	{ 1293 2085 2271 1069 2272 1609 2086 }
N2326(2088)	{ 1478 2089 1411 1415 2274 1384 22 }
N2326(2089)	{ 1412 1411 2088 2090 1415 935 }
N2326(2090)	{ 1414 1413 1415 935 2089 }
N2326(2091)	{ 1428 1581 1580 2092 1449 1450 }
N2326(2092)	{ 2091 1449 1450 1930 1179 }
N2326(2093)	{ 1513 169 1507 1508 168 }
N2326(2094)	{ 1694 2178 1526 2242 2177 433 }
N2326(2095)	{ 1965 1533 1531 1530 2096 1863 1534 }
N2326(2096)	{ 1862 1537 1863 1534 2095 }
N2326(2097)	{ 634 1537 2098 1534 633 }
N2326(2098)	{ 1533 1534 2097 2196 633 1536 }
N2326(2099)	{ 2100 1193 2166 1597 1814 }
N2326(2100)	{ 1597 1192 2099 1596 1193 }
N2326(2101)	{ 750 1761 1898 1899 1192 1597 2167 2102 16 }
N2326(2102)	{ 2166 1597 2167 1815 2101 }
N2326(2103)	{ 186 1888 2104 1619 167 }
N2326(2104)	{ 1620 1931 1619 1932 167 2103 }
N2326(2105)	{ 2107 1730 2147 1894 1895 }
N2326(2106)	{ 1053 1335 2107 749 1730 }
N2326(2107)	{ 1895 2105 749 1730 2106 }
N2326(2108)	{ 9 2 2294 1826 1937 2318 2289 15 }
N2326(2109)	{ 1672 416 2110 1941 2112 1945 1944 }
N2326(2110)	{ 1673 1944 1941 2109 }
N2326(2111)	{ 1943 2112 1944 2182 1659 21 }
N2326(2112)	{ 1945 953 2109 21 2111 1944 }
N2326(2113)	{ 316 1982 315 2058 48 }
N2326(2114)	{ 1285 1486 1000 2180 1206 2179 }
N2326(2115)	{ 2016 2179 2181 2116 2180 }
N2326(2116)	{ 1207 1205 2016 2181 2115 1458 }
N2326(2117)	{ 1443 2118 2049 1176 2201 2048 1175 }
N2326(2118)	{ 2117 2049 2235 1176 2234 }
N2326(2119)	{ 1939 2050 2234 1940 2049 }
N2326(2120)	{ 2121 2054 2125 1136 2053 }
N2326(2121)	{ 2054 2120 2122 1949 2053 }
N2326(2122)	{ 2121 1949 2053 2052 36 }
N2326(2123)	{ 36 1207 1205 2124 2053 1499 }
N2326(2124)	{ 2123 1499 2125 2053 1781 }
N2326(2125)	{ 2120 1136 2053 1780 1781 2124 }
N2326(2126)	{ 79 85 30 1045 2127 827 88 }
N2326(2127)	{ 827 2126 2128 88 830 }
N2326(2128)	{ 2017 830 2127 2129 88 70 }
N2326(2129)	{ 88 80 2128 81 70 2190 69 1683 }
N2326(2130)	{ 155 372 373 362 151 366 }
N2326(2131)	{ 2135 769 441 2142 2141 2134 }
N2326(2132)	{ 767 442 2141 441 2140 }
N2326(2133)	{ 1269 1413 1637 714 2295 1474 1636 }
N2326(2134)	{ 2135 770 2131 2143 2142 2139 }
N2326(2135)	{ 2134 2131 769 1163 2136 1162 770 }
N2326(2136)	{ 2135 2137 770 2256 1605 1162 }
N2326(2137)	{ 1605 2136 1189 770 2193 2192 1814 }
N2326(2138)	{ 2139 2191 1376 2192 770 636 }
N2326(2139)	{ 2138 770 2143 2134 1376 }
N2326(2140)	{ 1860 442 2141 2132 2145 771 1625 }
N2326(2141)	{ 2132 441 2140 2142 2131 771 }
N2326(2142)	{ 2141 2131 2143 771 2134 }
N2326(2143)	{ 2142 2134 2139 2144 771 1376 }
N2326(2144)	{ 2143 1376 2145 771 1626 }
N2326(2145)	{ 771 2144 2140 1626 1375 1625 }
N2326(2146)	{ 1061 960 850 959 1155 851 }
N2326(2147)	{ 1057 2044 1894 2105 2290 2045 1895 }
N2326(2148)	{ 1432 1430 1075 1294 }
N2326(2149)	{ 1995 804 2151 1166 2247 713 2150 }
N2326(2150)	{ 2151 1347 2247 2246 2149 }
N2326(2151)	{ 2150 2149 1347 1166 1167 11 }
N2326(2152)	{ 1211 177 1514 2237 1560 405 }
N2326(2153)	{ 31 2228 2227 1233 2239 2214 2238 }
N2326(2154)	{ 1233 31 2216 1471 1989 }
N2326(2155)	{ 939 938 1462 2238 937 1233 }
N2326(2156)	{ 1463 1422 1421 1203 1746 }
N2326(2157)	{ 1497 2277 8 2314 1779 1613 }
N2326(2158)	{ 1070 2159 1291 2162 1608 3 }
N2326(2159)	{ 2158 2160 1608 2270 1291 1609 }
N2326(2160)	{ 2159 2161 1608 2272 1609 1819 }
N2326(2161)	{ 2160 1819 1610 2162 1608 1818 }
N2326(2162)	{ 1608 2158 2161 3 1822 1818 }
N2326(2163)	{ 1723 2240 2164 105 2292 2078 967 }
N2326(2164)	{ 1723 1726 2240 2163 1696 }
N2326(2165)	{ 1813 2166 1598 2168 1815 1816 }
N2326(2166)	{ 1815 2102 2165 1597 2099 1814 1598 }
N2326(2167)	{ 2102 2101 2168 1815 16 }
N2326(2168)	{ 2165 1815 1816 2167 16 }
N2326(2169)	{ 2170 1959 2182 1659 24 }
N2326(2170)	{ 1959 2169 2055 2326 2183 24 }
N2326(2171)	{ 1902 926 2172 2060 925 }
N2326(2172)	{ 2061 430 2060 2171 2188 925 17 }
N2326(2173)	{ 190 1721 2174 1720 2065 }
N2326(2174)	{ 1720 2173 2175 832 2065 }
N2326(2175)	{ 2174 832 1838 2176 2065 1844 }
N2326(2176)	{ 2065 2066 2175 1843 1844 }
N2326(2177)	{ 2242 2094 2306 2241 2178 }
N2326(2178)	{ 2094 1526 1524 1525 1898 2306 2177 2282 }
N2326(2179)	{ 2016 1000 2180 2114 2115 }
N2326(2180)	{ 2114 2179 2181 2115 1206 }
N2326(2181)	{ 2115 2116 2180 1458 1459 1206 }
N2326(2182)	{ 2169 1659 2111 2325 24 21 }
N2326(2183)	{ 2291 2055 2326 2170 1958 }
N2326(2184)	{ 2187 1157 2323 2322 42 2185 }
N2326(2185)	{ 1157 2319 279 2323 2296 2184 }
N2326(2186)	{ 2187 1158 2322 42 43 }
N2326(2187)	{ 42 2186 2184 1158 1588 1157 }
N2326(2188)	{ 2172 2017 17 2189 925 70 }
N2326(2189)	{ 924 925 2188 70 2190 69 1884 }
N2326(2190)	{ 69 2129 2189 1683 696 1884 }
N2326(2191)	{ 2138 1376 2194 636 1377 }
N2326(2192)	{ 2138 770 2193 636 2137 }
N2326(2193)	{ 2192 636 2137 637 1598 1814 }
N2326(2194)	{ 636 2191 637 1377 12 1702 1703 }
N2326(2195)	{ 1532 882 641 1090 2196 639 1536 }
N2326(2196)	{ 633 2098 1536 2195 2197 1535 639 }
N2326(2197)	{ 1535 2196 2198 639 1538 }
N2326(2198)	{ 1091 1584 639 2075 12 1538 2197 }
N2326(2199)	{ 655 915 658 422 1938 2047 }
N2326(2200)	{ 655 657 26 2201 658 1452 }
N2326(2201)	{ 2200 658 1452 2048 2117 1175 }
N2326(2202)	{ 439 2308 672 742 }
N2326(2203)	{ 680 691 4 539 1689 44 7 }
N2326(2204)	{ 587 139 586 786 138 862 }
N2326(2205)	{ 1891 803 1888 1036 1037 1032 }
N2326(2206)	{ 1890 1276 2207 803 1035 }
N2326(2207)	{ 2081 2082 803 804 1035 2206 }
N2326(2208)	{ 833 189 1721 834 517 244 }
N2326(2209)	{ 1632 1876 2257 1405 868 2297 2211 1634 }
N2326(2210)	{ 2297 2300 2211 2299 }
N2326(2211)	{ 868 1368 2297 2209 2300 2210 2258 }
N2326(2212)	{ 891 1714 419 643 2324 2213 418 }
N2326(2213)	{ 888 896 643 2324 421 2212 }
N2326(2214)	{ 936 1635 2228 1769 2239 1636 2153 }
N2326(2215)	{ 936 1770 1635 1412 935 }
N2326(2216)	{ 1471 1989 2154 2217 1257 1988 }
N2326(2217)	{ 1473 1257 1607 2216 1988 919 }
N2326(2218)	{ 2008 917 2220 2009 1540 }
N2326(2219)	{ 2220 1541 2224 1540 2223 }
N2326(2220)	{ 2009 661 2218 1541 2219 1540 }
N2326(2221)	{ 1429 1647 1643 2028 }
N2326(2222)	{ 1135 1948 1732 1733 2224 2223 1734 }
N2326(2223)	{ 1733 1541 1134 2224 2219 2222 }
N2326(2224)	{ 2219 1540 2223 1734 2222 }
N2326(2225)	{ 1795 425 2229 1794 2032 }
N2326(2226)	{ 1546 1795 2227 1799 1794 }
N2326(2227)	{ 2226 1799 31 2228 1794 2153 }
N2326(2228)	{ 2227 2153 1769 2214 2229 1794 1768 }
N2326(2229)	{ 1794 2225 2228 2032 1768 }
N2326(2230)	{ 1848 94 2303 2231 2302 }
N2326(2231)	{ 1848 93 1846 1845 2303 2230 2038 }
N2326(2232)	{ 1856 1144 2304 18 801 }
N2326(2233)	{ 1941 2050 1673 2234 1940 1942 }
N2326(2234)	{ 1940 2119 2233 2049 2235 2118 1942 }
N2326(2235)	{ 2118 1176 2234 2236 1659 1942 }
N2326(2236)	{ 1943 1673 1659 1942 2235 }
N2326(2237)	{ 2152 1560 405 1213 77 }
N2326(2238)	{ 2155 1233 2239 2153 937 }
N2326(2239)	{ 2214 2153 2238 2295 937 1636 }
N2326(2240)	{ 2164 2163 1696 105 453 106 1700 }
N2326(2241)	{ 2242 434 2177 2307 2305 2306 }
N2326(2242)	{ 2177 2094 2241 433 434 }
N2326(2243)	{ 1822 3 43 2244 2 1832 }
N2326(2244)	{ 2243 1832 2245 2 1833 }
N2326(2245)	{ 2244 2 2293 1833 1937 }
N2326(2246)	{ 1347 1213 82 1348 2247 77 2150 }
N2326(2247)	{ 77 713 2246 2149 2150 }
N2326(2248)	{ 230 63 369 229 370 154 }
N2326(2249)	{ 728 2039 714 1637 1414 1415 2250 724 725 }
N2326(2250)	{ 1688 239 724 725 2249 }
N2326(2251)	{ 958 751 1872 1029 750 2001 }
N2326(2252)	{ 1252 986 191 1254 71 2017 }
N2326(2253)	{ 881 2254 880 1563 1083 2313 2269 2309 }
N2326(2254)	{ 1084 1530 880 797 1563 2253 }
N2326(2255)	{ 1171 1712 1170 666 1978 1975 1887 716 }
N2326(2256)	{ 2027 1232 1605 1162 2136 }
N2326(2257)	{ 2209 1405 868 1787 1066 1214 }
N2326(2258)	{ 1368 1364 2300 2211 2259 }
N2326(2259)	{ 1364 1367 622 2300 2258 1365 }
N2326(2260)	{ 1419 1418 1380 670 1910 }
N2326(2261)	{ 1916 822 2312 1397 1396 }
N2326(2262)	{ 2263 2312 1397 2311 }
N2326(2263)	{ 2264 1397 1918 2311 2262 1917 }
N2326(2264)	{ 1397 1398 2263 1919 1918 }
N2326(2265)	{ 185 186 1271 1273 1475 2266 84 1476 }
N2326(2266)	{ 83 182 84 2265 1476 2283 1666 181 }
N2326(2267)	{ 1666 2268 1476 1477 }
N2326(2268)	{ 1476 1475 2267 1274 1668 1477 }
N2326(2269)	{ 1563 2313 875 2253 }
N2326(2270)	{ 2159 1291 2271 1609 1069 }
N2326(2271)	{ 2087 1609 1069 2270 }
N2326(2272)	{ 1609 2160 2087 1819 1339 1065 2086 }
N2326(2273)	{ 1035 2274 22 2275 1627 713 }
N2326(2274)	{ 1627 1383 2273 710 1384 2088 22 }
N2326(2275)	{ 1628 1687 1627 713 2273 }
N2326(2276)	{ 1444 1440 1773 1439 1441 }
N2326(2277)	{ 2157 8 1779 1778 }
N2326(2278)	{ 1750 1923 1922 2279 1839 1840 }
N2326(2279)	{ 2278 1839 1840 29 1841 }
N2326(2280)	{ 1896 1897 2305 2281 435 }
N2326(2281)	{ 1897 2280 2307 2305 2282 }
N2326(2282)	{ 1897 1898 2178 2307 2306 2281 }
N2326(2283)	{ 180 2266 181 2285 1666 1907 }
N2326(2284)	{ 1343 1906 2285 1907 1667 }
N2326(2285)	{ 1666 2283 1477 1907 2284 1667 }
N2326(2286)	{ 1845 58 2315 1351 2037 2316 1350 1846 }
N2326(2287)	{ 1857 2041 2040 2317 2288 612 }
N2326(2288)	{ 2040 934 2317 1020 2287 }
N2326(2289)	{ 2 2290 2045 1722 2318 1893 2108 }
N2326(2290)	{ 2045 2289 2147 1722 1329 1895 }
N2326(2291)	{ 2055 1774 2183 1958 }
N2326(2292)	{ 112 201 2079 2078 2163 967 }
N2326(2293)	{ 1973 1765 1833 2245 2294 1936 1937 }
N2326(2294)	{ 1936 1974 2293 1826 2108 1937 }
N2326(2295)	{ 937 1474 2239 2133 1636 }
N2326(2296)	{ 2320 2319 1070 2323 2321 2185 }
N2326(2297)	{ 2211 2209 1634 2299 2298 2210 }
N2326(2298)	{ 1634 1633 2299 2297 623 }
N2326(2299)	{ 2298 2297 623 2300 2210 1365 }
N2326(2300)	{ 2210 2211 2299 2258 2259 1365 }
N2326(2301)	{ 1178 1929 416 2324 1672 1705 }
N2326(2302)	{ 1727 94 1744 2303 2230 1951 1743 }
N2326(2303)	{ 2230 2231 2302 2038 811 1999 1951 1743 }
N2326(2304)	{ 2232 18 801 2080 802 }
N2326(2305)	{ 434 435 2280 2307 2241 2281 }
N2326(2306)	{ 2177 2178 2307 2241 2282 }
N2326(2307)	{ 2241 2305 2306 2281 2282 }
N2326(2308)	{ 247 672 90 2202 742 414 835 }
N2326(2309)	{ 1083 632 2313 2253 874 }
N2326(2310)	{ 821 1783 1501 2312 2311 1396 }
N2326(2311)	{ 2263 1917 1500 1501 2312 2262 2310 }
N2326(2312)	{ 2262 1397 2311 2261 1396 2310 }
N2326(2313)	{ 2269 875 2253 1562 874 2309 }
N2326(2314)	{ 1764 1825 2029 1779 2157 1613 1612 1582 }
N2326(2315)	{ 1351 11 2286 810 57 2035 811 2037 }
N2326(2316)	{ 1350 1847 2286 1846 }
N2326(2317)	{ 1020 1021 2288 795 612 2287 }
N2326(2318)	{ 1893 2289 15 2108 }
N2326(2319)	{ 279 2185 2320 1551 2296 }
N2326(2320)	{ 2319 1551 2296 1979 1787 1066 1070 }
N2326(2321)	{ 1070 3 2323 2322 2296 }
N2326(2322)	{ 3 2186 43 2323 2321 2184 42 }
N2326(2323)	{ 2322 2321 42 2296 2185 2184 }
N2326(2324)	{ 2213 421 2212 422 1672 2301 1705 418 }
N2326(2325)	{ 2182 21 2326 24 25 }
N2326(2326)	{ 2183 2170 1958 24 2325 25 1900 35 }
