
****************************************************
***             Voronoi Diagram k =  180         ***
*** index      sx      sy         ls         mi  ***
****************************************************
        1      23      15       3.16      0.264
        2      37      38       6.08     0.0127
        3       2      58       4.69   -0.00414
        4      62      48       5.48    0.00302
        5      41      61       5.57    0.00143
        6      19      63       4.47    -0.0408
        7      34      13       4.69   -0.00979
        8      33      17          2      0.135
        9      21      25          4     0.0385
       10      15      18       2.45      0.366
       11       9      15          2      0.292
       12      26      16          2      0.383
       13      26      18       2.45      0.311
       14      22      18       2.65      0.303
       15      20       5       6.86   -0.00335
       16      18      19          3      0.206
       17      13      24       3.16     0.0278
       18      11      23       3.46    0.00895
       19      17      11       4.12    -0.0163
       20      14       9       4.36    -0.0223
       21       8      21       2.83     0.0334
       22      38      23          3      0.115
       23      32      23       3.46     0.0629
       24      31      17       2.24      0.193
       25      11      15          2       0.36
       26      10      19       2.65      0.159
       27       8      10       3.16     0.0215
       28      23      20       2.65     0.0867
       29      21      21       2.83     0.0362
       30      20      16       2.65      0.409
       31      18      14       2.65      0.298
       32      14      14       3.16      0.356
       33      12      13          3      0.296
       34      10      10       3.46    -0.0437
       35      47      27       2.65      0.124
       36      49      23       3.87   -0.00986
       37      35      17       2.45    0.00211
       38      34      20       2.24       0.15
       39      32      20       2.45      0.123
       40       7      17       2.45      0.105
       41      28      12          2     0.0297
       42      29      19       2.65      0.214
       43      27      21       2.65     0.0712
       44      18      22       3.32     0.0913
       45      17      17       2.65      0.447
       46      44      20       3.16   -0.00197
       47      36      22       2.83      0.179
       48      37      19          3      0.157
       49      23      10        4.8   0.000619
       50      15      20       2.45      0.109
       51      13      19          2      0.195
       52       7      15          1       0.75
       53      16      25       3.87    -0.0102
       54      10      28       5.29    0.00413
       55      13      21       2.24      0.192
       56      12      17       2.45      0.332
       57      20      13       3.16     0.0286
       58       2      21       3.74   -0.00227
       59       6      14       2.45      0.108
       60       5      11       3.16   -0.00849
       61      46      21       3.74   -0.00854
       62      41      24       3.46      0.106
       63      41      20       3.16      0.169
       64      40      17       3.16    0.00889
       65      38      16       3.16     0.0162
       66       6      20       3.16      0.033
       67       3      17       3.46    -0.0141
       68      30      10        4.8     -0.024
       69      30      14       2.83    -0.0319
       70      28      16       2.24      0.301
       71      26      12          3   -0.00171
       72      44      17       4.12    -0.0176
       73      45      25          3      0.249
       74      32      34        4.8  -0.000709
       75      35      31          3     0.0142
       76      38      33       4.36     0.0102
       77      39      12       5.74    0.00598
       78      34      29       2.83      0.069
       79      31      30       3.87    -0.0159
       80      24      22          3     0.0449
       81      41       4       6.32      0.012
       82      53      29       3.87    -0.0133
       83      52      25       3.74   0.000209
       84      62      40       6.16   -0.00171
       85      47      43       6.24      0.004
       86      40      50       5.57   -0.00395
       87      62       7          5   -0.00767
       88      46      12        5.2   -0.00516
       89      48       4       6.08    0.00114
       90      56      26       4.36   -0.00521
       91      51      32       3.87  -0.000486
       92      50      28       3.32      0.143
       93       8      57       5.66   -0.00518
       94      15      29       5.29   -0.00607
       95       5      24       4.36     0.0227
       96      50      50       6.71   -0.00483
       97      56      50       5.66     0.0224
       98      58      45       5.48    -0.0152
       99      54      41       6.08     0.0112
      100      43      54          5    0.00336
      101       2      10       3.32    -0.0138
      102      34      26       3.61     0.0728
      103      45      27          2      0.101
      104      26      40       6.32  -0.000163
      105       5      53        4.8    -0.0179
      106      52       9       5.48    -0.0125
      107      45       8        5.1     0.0052
      108      14      35       5.92    -0.0133
      109      11      39       5.83     0.0013
      110      27      47       6.78    0.00464
      111      23      50        4.8   -0.00016
      112      19      42        5.2     0.0219
      113      14      60        6.4    -0.0191
      114      23      56       4.47     0.0162
      115      43      45       6.32     -0.012
      116      35      45          7    -0.0108
      117       2      26       3.87   -0.00291
      118      35      55       6.08    0.00207
      119      45      62       5.29      0.001
      120      39      54       4.58    -0.0186
      121       2      50       4.24    -0.0102
      122      19      38       5.66     0.0214
      123      11      44        5.2    0.00772
      124       4      37       6.16   0.000631
      125       6      42          5     0.0162
      126      36      62       5.29    0.00284
      127      25      26       4.24     0.0198
      128      21      31       5.74  -0.000883
      129      53      21       5.39    0.00591
      130      49      16       5.74    0.00294
      131      56      15       5.92   -0.00675
      132      38      26       3.16     0.0767
      133      42      36       5.83    0.00928
      134      40      30       3.46    0.00299
      135      37      29       2.83      0.014
      136      62      27       5.66   -0.00904
      137      61      18       5.66    0.00897
      138      56       9        4.9    -0.0286
      139      60       3       5.39     0.0105
      140      58      30       4.69   -0.00258
      141      60      53       6.71   0.000597
      142       4      30        5.1  -0.000925
      143      59      60       8.37    0.00367
      144      28      63       3.61    0.00164
      145      31      61          5    0.00888
      146       4       6        5.1    0.00621
      147       7      33        5.2    0.00157
      148       3      62        4.8    -0.0515
      149      13       4        6.4    0.00144
      150      53      36       5.39     -0.013
      151      48      37       5.57   -0.00753
      152      29      23       3.32      0.045
      153      28      27       3.87     0.0619
      154      31      39       5.83    0.00166
      155       8      63        4.9    -0.0359
      156      62      12       5.57     -0.012
      157       2      14          3     0.0406
      158      19      48        5.1    -0.0234
      159      15      45        5.2    -0.0205
      160      47      56       5.48   -0.00549
      161      52      58       6.32    -0.0132
      162      35       5       7.14    0.00365
      163      27       4          7      0.002
      164      42      28          3     0.0842
      165      60      22       5.57    0.00155
      166      54       3       5.39    0.00579
      167      23      62       4.47    -0.0221
      168      19      58          5     0.0166
      169      29      54       6.48   -0.00294
      170      48      32       3.74   -0.00169
      171      20      53        4.9    0.00231
      172      51      63       5.29   -0.00914
      173       6      49        5.1    -0.0098
      174      27      60       4.24     0.0127
      175      26      32       5.57    -0.0181
      176      60      34       6.24   -0.00795
      177       6       3       5.83    -0.0145
      178      45      31       3.87    0.00245
      179       3      44        5.1   -0.00075
      180      12      51       6.78     0.0111
****************************************************

