
*** Voronoi Diagram Neighbours k = 887 ***
Seed	Neighbours
N887(1)	{ 5 6 4 2 }
N887(2)	{ 6 1 5 9 3 7 }
N887(3)	{ 9 2 10 6 8 }
N887(4)	{ 6 1 5 19 20 37 36 }
N887(5)	{ 1 2 4 878 19 7 }
N887(6)	{ 1 4 2 10 3 }
N887(7)	{ 2 9 13 878 5 24 }
N887(8)	{ 3 10 9 634 12 11 }
N887(9)	{ 2 3 8 13 7 12 }
N887(10)	{ 6 3 8 11 38 50 45 }
N887(11)	{ 38 10 14 8 635 72 634 }
N887(12)	{ 9 8 638 634 13 }
N887(13)	{ 9 7 638 17 12 739 23 24 }
N887(14)	{ 38 11 73 72 18 }
N887(15)	{ 506 556 505 814 557 755 }
N887(16)	{ 72 73 852 854 853 503 }
N887(17)	{ 559 23 556 638 637 13 }
N887(18)	{ 38 14 44 73 166 165 83 }
N887(19)	{ 4 20 5 882 878 747 }
N887(20)	{ 36 4 747 21 19 }
N887(21)	{ 569 36 565 678 747 746 20 }
N887(22)	{ 129 128 130 234 286 133 281 }
N887(23)	{ 17 559 560 13 740 564 739 }
N887(24)	{ 13 739 7 879 878 742 }
N887(25)	{ 477 702 478 481 }
N887(26)	{ 621 632 813 633 876 620 79 }
N887(27)	{ 826 825 731 869 732 876 79 868 }
N887(28)	{ 415 416 793 417 414 }
N887(29)	{ 484 485 486 483 796 487 704 }
N887(30)	{ 479 480 484 483 41 493 492 158 }
N887(31)	{ 40 39 41 485 484 34 }
N887(32)	{ 486 675 487 797 880 744 879 }
N887(33)	{ 494 762 770 761 769 }
N887(34)	{ 40 89 31 485 675 391 486 }
N887(35)	{ 235 531 574 143 545 }
N887(36)	{ 20 4 93 37 569 92 21 }
N887(37)	{ 4 36 179 178 93 95 709 196 }
N887(38)	{ 14 11 18 45 44 10 }
N887(39)	{ 31 40 590 41 807 55 589 }
N887(40)	{ 31 39 34 89 181 172 239 97 55 }
N887(41)	{ 484 31 30 590 39 786 584 492 }
N887(42)	{ 576 429 737 735 736 }
N887(43)	{ 491 786 490 787 836 835 818 }
N887(44)	{ 38 18 83 161 197 356 45 355 }
N887(45)	{ 38 10 50 356 352 44 }
N887(46)	{ 216 53 732 819 221 733 }
N887(47)	{ 819 832 816 831 }
N887(48)	{ 219 821 106 603 }
N887(49)	{ 295 148 294 776 775 147 }
N887(50)	{ 10 276 218 352 217 45 }
N887(51)	{ 355 197 220 847 198 821 }
N887(52)	{ 266 265 822 108 839 107 106 }
N887(53)	{ 216 114 207 46 262 869 862 732 }
N887(54)	{ 150 149 343 151 708 152 299 }
N887(55)	{ 239 40 807 66 39 }
N887(56)	{ 709 711 539 710 }
N887(57)	{ 239 238 66 595 240 237 }
N887(58)	{ 219 800 277 218 839 70 106 }
N887(59)	{ 548 670 364 672 366 363 }
N887(60)	{ 667 245 757 244 242 }
N887(61)	{ 587 588 589 586 689 688 590 }
N887(62)	{ 587 649 645 553 687 586 233 }
N887(63)	{ 68 118 365 515 727 516 64 }
N887(64)	{ 68 608 71 607 63 728 719 727 }
N887(65)	{ 750 748 374 700 877 844 552 }
N887(66)	{ 239 57 55 811 807 240 }
N887(67)	{ 588 374 589 811 750 807 }
N887(68)	{ 71 64 63 226 209 118 837 208 }
N887(69)	{ 650 707 887 883 884 }
N887(70)	{ 838 837 839 107 58 }
N887(71)	{ 68 608 64 883 496 }
N887(72)	{ 73 14 503 16 635 502 11 }
N887(73)	{ 72 14 18 852 16 865 74 165 }
N887(74)	{ 852 627 865 461 73 }
N887(75)	{ 498 497 499 753 630 501 }
N887(76)	{ 753 756 752 755 754 }
N887(77)	{ 682 505 856 504 636 }
N887(78)	{ 519 813 660 814 377 812 }
N887(79)	{ 521 813 660 825 522 876 26 27 }
N887(80)	{ 158 159 160 661 842 157 664 }
N887(81)	{ 285 662 288 378 784 783 563 }
N887(82)	{ 520 377 558 783 651 378 }
N887(83)	{ 161 44 18 781 166 84 }
N887(84)	{ 161 381 384 781 83 767 }
N887(85)	{ 302 384 383 460 303 382 }
N887(86)	{ 386 385 820 387 618 }
N887(87)	{ 509 510 508 640 513 511 }
N887(88)	{ 701 167 168 810 808 809 }
N887(89)	{ 172 40 141 34 392 140 391 }
N887(90)	{ 450 246 247 451 395 248 }
N887(91)	{ 310 93 575 291 681 425 92 }
N887(92)	{ 93 36 569 681 91 570 }
N887(93)	{ 92 36 37 310 91 179 }
N887(94)	{ 427 178 583 452 316 179 }
N887(95)	{ 37 196 178 465 427 325 }
N887(96)	{ 182 428 396 183 592 320 323 }
N887(97)	{ 239 40 736 181 98 }
N887(98)	{ 239 238 237 736 97 533 }
N887(99)	{ 250 251 536 535 594 249 253 }
N887(100)	{ 188 593 189 657 659 528 658 }
N887(101)	{ 323 397 324 428 396 194 }
N887(102)	{ 326 256 330 257 541 254 255 }
N887(103)	{ 851 847 850 870 849 848 }
N887(104)	{ 261 263 264 599 260 544 }
N887(105)	{ 297 717 723 296 864 861 724 }
N887(106)	{ 219 48 822 821 839 52 58 }
N887(107)	{ 266 838 432 839 52 70 }
N887(108)	{ 52 822 823 848 872 265 871 }
N887(109)	{ 270 271 336 272 453 335 269 }
N887(110)	{ 525 454 150 838 432 111 }
N887(111)	{ 150 151 208 838 110 837 }
N887(112)	{ 208 209 343 151 344 211 341 }
N887(113)	{ 346 212 273 348 213 455 274 275 }
N887(114)	{ 53 216 273 346 529 459 207 }
N887(115)	{ 279 280 602 278 800 457 277 }
N887(116)	{ 475 435 398 399 400 798 778 644 }
N887(117)	{ 361 225 530 840 665 227 }
N887(118)	{ 68 226 227 365 364 63 }
N887(119)	{ 403 515 514 548 402 365 }
N887(120)	{ 402 403 405 404 401 }
N887(121)	{ 400 778 780 777 779 }
N887(122)	{ 518 408 407 409 714 713 712 }
N887(123)	{ 516 515 447 518 514 517 }
N887(124)	{ 579 582 578 447 580 727 516 726 }
N887(125)	{ 233 626 232 758 229 440 }
N887(126)	{ 245 229 687 233 834 127 686 }
N887(127)	{ 245 241 410 411 834 126 833 }
N887(128)	{ 22 129 519 591 520 133 }
N887(129)	{ 22 128 130 660 519 521 }
N887(130)	{ 22 234 129 523 521 282 }
N887(131)	{ 234 283 282 156 287 284 281 }
N887(132)	{ 133 287 281 286 288 285 155 }
N887(133)	{ 286 22 132 591 285 128 }
N887(134)	{ 624 416 167 867 412 415 866 }
N887(135)	{ 415 414 715 413 412 }
N887(136)	{ 413 163 791 793 414 792 }
N887(137)	{ 418 617 510 385 793 417 792 }
N887(138)	{ 419 417 624 416 168 }
N887(139)	{ 235 423 143 725 422 421 }
N887(140)	{ 141 89 421 236 392 }
N887(141)	{ 172 89 140 171 531 236 464 }
N887(142)	{ 291 170 290 574 545 289 }
N887(143)	{ 235 139 423 574 35 424 }
N887(144)	{ 292 327 199 775 293 294 }
N887(145)	{ 776 264 775 850 258 293 }
N887(146)	{ 776 264 147 862 861 263 }
N887(147)	{ 148 776 49 861 296 146 }
N887(148)	{ 295 49 147 296 329 297 200 }
N887(149)	{ 299 54 298 525 524 150 }
N887(150)	{ 151 54 111 525 110 149 }
N887(151)	{ 150 208 111 343 112 54 }
N887(152)	{ 347 343 708 54 153 }
N887(153)	{ 347 213 212 467 345 708 152 458 }
N887(154)	{ 298 301 206 458 300 299 }
N887(155)	{ 287 132 662 288 664 284 661 }
N887(156)	{ 131 283 664 284 663 }
N887(157)	{ 764 158 760 842 80 841 }
N887(158)	{ 80 479 159 30 493 764 157 763 }
N887(159)	{ 80 160 479 158 478 }
N887(160)	{ 478 159 477 80 662 563 661 }
N887(161)	{ 83 44 197 84 782 202 381 }
N887(162)	{ 305 302 163 526 304 303 }
N887(163)	{ 162 302 413 164 383 791 136 305 }
N887(164)	{ 163 383 413 767 715 384 }
N887(165)	{ 18 166 865 73 808 }
N887(166)	{ 18 83 165 866 808 781 }
N887(167)	{ 701 624 88 866 134 808 }
N887(168)	{ 419 138 701 624 809 307 88 }
N887(169)	{ 309 308 809 307 306 }
N887(170)	{ 142 290 312 311 426 175 291 }
N887(171)	{ 464 141 830 172 450 }
N887(172)	{ 89 141 181 180 40 830 171 173 }
N887(173)	{ 315 180 830 172 314 }
N887(174)	{ 313 314 546 315 176 }
N887(175)	{ 312 170 395 583 451 426 }
N887(176)	{ 177 452 313 316 546 174 317 }
N887(177)	{ 176 317 316 465 427 318 }
N887(178)	{ 179 37 427 94 95 }
N887(179)	{ 178 37 93 310 583 94 426 }
N887(180)	{ 172 181 173 315 320 319 182 }
N887(181)	{ 172 40 180 736 182 97 }
N887(182)	{ 320 180 96 183 736 429 181 }
N887(183)	{ 428 96 182 193 576 429 430 }
N887(184)	{ 322 192 592 185 323 }
N887(185)	{ 321 322 318 592 186 184 }
N887(186)	{ 546 319 321 592 185 320 }
N887(187)	{ 196 659 195 191 }
N887(188)	{ 528 527 100 690 593 577 }
N887(189)	{ 593 657 594 100 }
N887(190)	{ 536 253 658 657 710 540 191 }
N887(191)	{ 659 187 658 196 710 190 709 }
N887(192)	{ 184 323 716 324 322 }
N887(193)	{ 428 183 577 430 194 }
N887(194)	{ 428 101 577 193 397 642 622 527 }
N887(195)	{ 196 642 622 659 528 187 716 623 325 }
N887(196)	{ 187 325 95 195 709 191 37 }
N887(197)	{ 202 198 161 355 51 44 }
N887(198)	{ 197 326 202 199 847 292 51 }
N887(199)	{ 292 198 327 144 326 }
N887(200)	{ 328 295 148 431 257 329 }
N887(201)	{ 431 257 331 526 332 330 }
N887(202)	{ 197 326 198 255 782 541 161 }
N887(203)	{ 335 606 334 668 336 333 }
N887(204)	{ 267 266 432 434 334 433 }
N887(205)	{ 206 270 338 524 298 339 }
N887(206)	{ 270 298 205 154 529 301 271 }
N887(207)	{ 53 529 114 766 262 272 }
N887(208)	{ 151 209 112 837 111 68 }
N887(209)	{ 208 226 68 112 361 341 225 }
N887(210)	{ 341 349 340 350 342 214 }
N887(211)	{ 112 347 213 344 343 }
N887(212)	{ 346 113 347 213 153 345 }
N887(213)	{ 347 211 345 153 212 348 113 344 }
N887(214)	{ 340 342 210 349 350 455 470 468 469 }
N887(215)	{ 216 273 471 275 221 }
N887(216)	{ 53 221 46 273 114 215 }
N887(217)	{ 50 472 352 276 }
N887(218)	{ 50 800 276 58 }
N887(219)	{ 106 58 48 759 277 603 }
N887(220)	{ 474 355 604 473 821 603 51 }
N887(221)	{ 216 215 476 471 400 819 777 46 }
N887(222)	{ 360 362 224 359 358 475 435 470 468 }
N887(223)	{ 228 644 799 798 669 }
N887(224)	{ 358 360 359 222 530 361 362 }
N887(225)	{ 227 226 209 530 117 361 }
N887(226)	{ 209 68 227 225 118 }
N887(227)	{ 225 226 118 364 840 670 117 }
N887(228)	{ 644 547 665 669 223 666 }
N887(229)	{ 233 245 126 758 244 125 }
N887(230)	{ 440 436 625 437 439 }
N887(231)	{ 445 444 581 443 441 }
N887(232)	{ 626 125 233 858 857 444 }
N887(233)	{ 229 125 687 62 126 857 645 232 }
N887(234)	{ 281 22 282 131 130 }
N887(235)	{ 143 421 139 531 35 236 }
N887(236)	{ 421 140 531 235 141 }
N887(237)	{ 238 533 98 251 595 57 534 }
N887(238)	{ 237 239 98 57 }
N887(239)	{ 238 98 57 97 40 55 66 }
N887(240)	{ 57 596 539 595 811 650 66 }
N887(241)	{ 127 667 245 643 713 409 410 }
N887(242)	{ 243 446 667 643 532 757 60 449 }
N887(243)	{ 449 242 815 446 448 }
N887(244)	{ 245 60 758 229 757 }
N887(245)	{ 127 126 229 244 667 60 241 }
N887(246)	{ 395 312 90 464 311 450 }
N887(247)	{ 248 90 830 450 314 }
N887(248)	{ 314 247 395 90 452 313 451 }
N887(249)	{ 99 250 735 597 594 }
N887(250)	{ 99 251 249 737 597 533 }
N887(251)	{ 533 250 237 535 99 534 }
N887(252)	{ 537 540 536 596 539 538 }
N887(253)	{ 536 99 657 190 594 }
N887(254)	{ 257 330 102 782 541 460 }
N887(255)	{ 326 541 102 202 }
N887(256)	{ 102 326 328 257 327 }
N887(257)	{ 328 256 330 254 102 431 201 200 }
N887(258)	{ 264 850 145 874 544 849 }
N887(259)	{ 543 874 544 873 542 }
N887(260)	{ 599 104 605 261 598 }
N887(261)	{ 263 104 262 605 337 260 }
N887(262)	{ 261 766 337 207 862 263 53 }
N887(263)	{ 261 264 104 862 146 262 }
N887(264)	{ 263 544 258 104 776 145 146 }
N887(265)	{ 52 266 600 872 691 108 }
N887(266)	{ 52 432 204 107 600 267 265 }
N887(267)	{ 204 266 600 606 601 334 }
N887(268)	{ 601 605 333 691 600 598 }
N887(269)	{ 270 453 109 466 338 433 }
N887(270)	{ 271 109 206 338 269 205 }
N887(271)	{ 270 109 529 206 272 }
N887(272)	{ 109 529 271 766 207 336 }
N887(273)	{ 216 275 215 346 113 114 }
N887(274)	{ 348 455 113 349 }
N887(275)	{ 273 113 469 455 471 351 215 }
N887(276)	{ 50 472 217 800 457 218 }
N887(277)	{ 759 602 219 800 115 58 }
N887(278)	{ 279 115 456 759 602 604 }
N887(279)	{ 115 280 456 278 354 }
N887(280)	{ 354 279 457 115 353 }
N887(281)	{ 234 22 287 284 131 286 132 }
N887(282)	{ 234 131 130 829 283 523 }
N887(283)	{ 131 156 829 282 663 }
N887(284)	{ 287 131 281 664 156 155 }
N887(285)	{ 288 132 81 591 378 133 }
N887(286)	{ 133 22 287 281 132 }
N887(287)	{ 284 131 155 281 286 132 }
N887(288)	{ 285 132 662 81 155 }
N887(289)	{ 574 142 575 424 291 }
N887(290)	{ 170 311 545 464 142 }
N887(291)	{ 142 426 170 310 575 91 289 }
N887(292)	{ 199 144 198 851 847 293 }
N887(293)	{ 775 144 145 851 850 292 }
N887(294)	{ 327 295 775 144 49 }
N887(295)	{ 49 148 294 328 327 200 }
N887(296)	{ 297 148 861 147 105 }
N887(297)	{ 296 148 717 329 105 }
N887(298)	{ 206 299 154 524 149 205 }
N887(299)	{ 149 298 154 708 54 458 }
N887(300)	{ 154 467 458 459 301 }
N887(301)	{ 154 467 300 529 206 459 }
N887(302)	{ 303 305 162 383 85 163 }
N887(303)	{ 302 460 85 526 162 330 }
N887(304)	{ 526 162 722 305 332 }
N887(305)	{ 162 302 722 304 791 163 386 }
N887(306)	{ 309 169 809 865 461 810 }
N887(307)	{ 308 509 419 508 809 169 168 }
N887(308)	{ 169 309 307 639 508 462 }
N887(309)	{ 169 306 308 463 462 461 }
N887(310)	{ 91 93 426 291 179 }
N887(311)	{ 312 170 464 290 246 }
N887(312)	{ 311 170 395 246 175 }
N887(313)	{ 314 174 452 176 248 }
N887(314)	{ 313 248 315 174 830 173 247 }
N887(315)	{ 314 173 180 546 174 319 }
N887(316)	{ 427 177 176 583 452 94 }
N887(317)	{ 177 318 546 176 321 }
N887(318)	{ 321 317 185 465 177 322 }
N887(319)	{ 320 180 546 315 186 }
N887(320)	{ 319 180 182 592 186 96 }
N887(321)	{ 185 318 546 186 317 }
N887(322)	{ 184 185 465 318 716 192 325 }
N887(323)	{ 324 192 396 101 592 184 96 }
N887(324)	{ 323 101 397 716 192 623 }
N887(325)	{ 196 465 95 716 322 195 }
N887(326)	{ 255 202 102 198 327 256 199 }
N887(327)	{ 294 144 199 326 328 256 295 }
N887(328)	{ 256 257 327 200 295 }
N887(329)	{ 148 431 200 717 331 297 }
N887(330)	{ 102 257 460 254 526 303 201 }
N887(331)	{ 431 201 717 332 329 }
N887(332)	{ 431 526 201 331 304 723 717 722 }
N887(333)	{ 268 606 601 668 203 605 }
N887(334)	{ 434 335 204 606 267 203 }
N887(335)	{ 336 203 334 453 434 109 }
N887(336)	{ 109 335 203 766 668 272 }
N887(337)	{ 261 605 766 262 668 }
N887(338)	{ 270 205 466 269 339 }
N887(339)	{ 466 338 205 525 454 524 }
N887(340)	{ 341 344 349 214 210 348 }
N887(341)	{ 210 344 112 340 361 209 342 }
N887(342)	{ 210 214 358 350 361 341 360 }
N887(343)	{ 112 54 151 347 211 152 }
N887(344)	{ 112 341 347 211 348 340 213 }
N887(345)	{ 347 213 212 467 153 346 }
N887(346)	{ 212 113 273 114 467 345 459 }
N887(347)	{ 213 344 212 211 343 152 153 345 }
N887(348)	{ 113 213 344 349 340 274 }
N887(349)	{ 340 210 348 455 274 214 }
N887(350)	{ 210 360 342 468 214 358 }
N887(351)	{ 470 469 471 275 357 }
N887(352)	{ 50 45 472 217 474 353 356 }
N887(353)	{ 280 472 457 474 354 352 }
N887(354)	{ 280 279 456 474 353 473 }
N887(355)	{ 51 197 44 474 356 220 }
N887(356)	{ 45 44 474 352 355 }
N887(357)	{ 351 475 470 476 398 471 }
N887(358)	{ 360 342 224 468 350 222 }
N887(359)	{ 224 435 222 362 644 547 399 }
N887(360)	{ 350 358 222 361 342 224 }
N887(361)	{ 341 209 342 360 530 117 225 224 }
N887(362)	{ 222 224 359 665 547 530 }
N887(363)	{ 669 670 666 672 59 368 }
N887(364)	{ 118 548 365 670 227 59 }
N887(365)	{ 118 515 63 548 364 119 }
N887(366)	{ 548 402 672 367 59 }
N887(367)	{ 402 672 366 368 673 671 401 }
N887(368)	{ 672 367 363 806 669 671 }
N887(369)	{ 719 721 720 729 442 718 }
N887(370)	{ 692 609 790 695 610 }
N887(371)	{ 859 612 860 611 613 }
N887(372)	{ 885 551 647 886 648 877 }
N887(373)	{ 554 698 555 616 751 614 699 }
N887(374)	{ 552 553 588 587 750 65 67 }
N887(375)	{ 557 559 556 561 558 380 }
N887(376)	{ 558 814 377 557 }
N887(377)	{ 520 519 558 82 814 376 78 }
N887(378)	{ 591 285 520 783 81 82 }
N887(379)	{ 560 652 380 785 564 562 }
N887(380)	{ 560 559 375 652 561 379 }
N887(381)	{ 384 84 782 382 161 }
N887(382)	{ 384 85 782 460 381 }
N887(383)	{ 302 384 85 413 164 163 }
N887(384)	{ 381 382 383 85 767 84 164 }
N887(385)	{ 618 86 617 386 792 137 791 }
N887(386)	{ 86 722 387 791 385 305 }
N887(387)	{ 386 722 723 820 86 724 }
N887(388)	{ 820 619 875 724 620 }
N887(389)	{ 617 618 619 621 511 620 }
N887(390)	{ 653 773 677 676 }
N887(391)	{ 89 655 392 34 676 675 654 }
N887(392)	{ 89 140 391 679 655 421 }
N887(393)	{ 679 572 680 420 567 }
N887(394)	{ 656 565 680 567 568 }
N887(395)	{ 246 312 451 90 248 175 }
N887(396)	{ 323 428 101 96 }
N887(397)	{ 101 194 623 324 622 }
N887(398)	{ 475 435 116 476 400 357 }
N887(399)	{ 435 644 359 116 }
N887(400)	{ 476 398 471 777 221 778 121 116 }
N887(401)	{ 402 120 673 367 405 }
N887(402)	{ 367 401 403 120 548 366 119 }
N887(403)	{ 402 120 514 119 712 407 404 }
N887(404)	{ 120 405 712 403 406 }
N887(405)	{ 120 404 401 673 780 832 816 406 }
N887(406)	{ 404 714 712 405 833 411 832 }
N887(407)	{ 518 514 712 403 122 }
N887(408)	{ 518 122 517 643 409 532 }
N887(409)	{ 643 408 713 122 241 }
N887(410)	{ 127 241 714 713 411 }
N887(411)	{ 714 410 833 127 406 }
N887(412)	{ 135 715 867 415 767 134 }
N887(413)	{ 163 383 414 136 715 164 135 }
N887(414)	{ 413 415 135 793 28 136 }
N887(415)	{ 135 414 416 28 867 412 134 }
N887(416)	{ 415 417 28 624 134 138 }
N887(417)	{ 416 419 138 418 793 28 137 }
N887(418)	{ 417 419 510 509 137 }
N887(419)	{ 168 138 417 509 418 307 }
N887(420)	{ 573 680 393 571 725 572 422 }
N887(421)	{ 235 236 140 679 392 725 572 139 }
N887(422)	{ 573 423 725 420 139 }
N887(423)	{ 139 143 424 422 681 425 573 }
N887(424)	{ 423 574 143 575 425 289 }
N887(425)	{ 575 424 681 423 91 }
N887(426)	{ 170 291 310 583 179 175 }
N887(427)	{ 316 94 178 465 177 95 }
N887(428)	{ 396 101 96 194 193 183 }
N887(429)	{ 576 183 736 42 182 }
N887(430)	{ 183 193 690 577 576 }
N887(431)	{ 201 257 332 200 329 331 }
N887(432)	{ 266 204 454 433 838 110 107 }
N887(433)	{ 204 453 434 432 466 269 454 }
N887(434)	{ 334 204 453 335 433 }
N887(435)	{ 399 359 475 116 398 222 }
N887(436)	{ 230 448 437 449 758 757 440 }
N887(437)	{ 449 436 448 579 578 625 230 438 }
N887(438)	{ 580 579 625 437 441 }
N887(439)	{ 625 230 626 440 445 }
N887(440)	{ 230 626 439 758 757 125 436 }
N887(441)	{ 581 231 580 625 438 445 }
N887(442)	{ 728 719 369 730 726 729 }
N887(443)	{ 231 729 581 444 859 718 858 }
N887(444)	{ 231 626 445 858 443 232 }
N887(445)	{ 231 625 441 626 439 444 }
N887(446)	{ 532 242 815 243 517 }
N887(447)	{ 516 123 124 815 517 582 }
N887(448)	{ 449 436 437 578 815 243 582 }
N887(449)	{ 243 448 437 757 242 436 }
N887(450)	{ 90 464 246 830 171 247 }
N887(451)	{ 395 90 248 583 452 175 }
N887(452)	{ 313 176 248 583 316 94 451 }
N887(453)	{ 434 335 433 109 269 }
N887(454)	{ 432 466 433 525 339 110 }
N887(455)	{ 274 113 349 469 275 214 }
N887(456)	{ 279 354 604 473 278 }
N887(457)	{ 280 472 353 800 115 276 }
N887(458)	{ 154 467 300 708 153 299 }
N887(459)	{ 467 346 300 529 301 114 }
N887(460)	{ 303 330 85 782 254 382 }
N887(461)	{ 309 627 463 865 74 306 }
N887(462)	{ 309 463 498 639 308 499 }
N887(463)	{ 309 462 627 461 498 }
N887(464)	{ 311 246 171 450 141 545 531 290 }
N887(465)	{ 427 177 95 318 322 325 }
N887(466)	{ 338 269 339 433 454 }
N887(467)	{ 345 153 346 458 300 459 301 }
N887(468)	{ 350 358 469 214 475 222 470 }
N887(469)	{ 275 455 470 468 214 351 }
N887(470)	{ 214 351 469 475 222 357 468 }
N887(471)	{ 351 275 215 476 400 357 221 }
N887(472)	{ 353 352 457 217 276 }
N887(473)	{ 474 354 604 456 220 }
N887(474)	{ 354 353 473 352 356 355 220 }
N887(475)	{ 435 116 222 398 357 470 468 }
N887(476)	{ 398 400 357 471 221 }
N887(477)	{ 478 25 160 563 740 481 564 }
N887(478)	{ 160 477 159 702 25 479 }
N887(479)	{ 159 158 30 702 478 480 }
N887(480)	{ 30 479 703 702 483 }
N887(481)	{ 702 25 628 477 741 705 740 }
N887(482)	{ 796 795 797 487 794 }
N887(483)	{ 484 30 480 704 703 29 }
N887(484)	{ 483 30 41 485 29 31 }
N887(485)	{ 484 31 486 29 34 }
N887(486)	{ 485 487 29 675 34 32 }
N887(487)	{ 486 796 29 797 32 482 }
N887(488)	{ 734 489 731 827 826 495 }
N887(489)	{ 731 732 488 768 733 734 }
N887(490)	{ 769 491 768 43 819 818 733 }
N887(491)	{ 769 490 786 492 43 }
N887(492)	{ 30 493 769 762 786 41 491 }
N887(493)	{ 30 492 763 158 762 }
N887(494)	{ 761 33 762 764 760 763 }
N887(495)	{ 761 734 488 828 827 760 }
N887(496)	{ 608 693 883 694 71 }
N887(497)	{ 75 498 853 501 627 }
N887(498)	{ 499 75 462 627 463 497 }
N887(499)	{ 498 75 462 641 630 639 }
N887(500)	{ 631 512 632 754 633 630 }
N887(501)	{ 75 753 853 497 805 }
N887(502)	{ 635 72 636 503 507 }
N887(503)	{ 72 502 16 856 854 636 }
N887(504)	{ 855 505 804 856 854 77 }
N887(505)	{ 682 77 506 15 755 855 504 756 }
N887(506)	{ 15 556 505 683 682 637 }
N887(507)	{ 502 636 682 684 635 683 }
N887(508)	{ 509 307 87 639 513 308 }
N887(509)	{ 419 307 508 510 87 418 }
N887(510)	{ 509 418 87 617 511 137 }
N887(511)	{ 617 510 621 389 640 87 512 }
N887(512)	{ 632 500 621 640 631 511 }
N887(513)	{ 508 87 641 640 639 }
N887(514)	{ 403 515 119 518 407 123 }
N887(515)	{ 119 365 514 516 63 123 }
N887(516)	{ 447 515 123 727 124 63 }
N887(517)	{ 518 123 532 408 815 446 447 }
N887(518)	{ 407 122 514 408 517 123 }
N887(519)	{ 520 128 377 660 78 129 }
N887(520)	{ 519 377 82 591 378 128 }
N887(521)	{ 523 130 522 660 129 79 }
N887(522)	{ 521 523 825 79 824 }
N887(523)	{ 130 521 522 829 282 824 }
N887(524)	{ 298 205 525 339 149 }
N887(525)	{ 339 454 524 110 150 149 }
N887(526)	{ 162 304 303 332 201 330 }
N887(527)	{ 577 188 642 622 194 528 }
N887(528)	{ 188 642 527 659 195 100 }
N887(529)	{ 301 206 459 271 272 207 114 }
N887(530)	{ 225 361 224 665 117 362 }
N887(531)	{ 235 236 141 545 35 464 }
N887(532)	{ 446 517 408 667 242 643 }
N887(533)	{ 251 237 98 737 250 736 }
N887(534)	{ 251 535 537 595 538 237 }
N887(535)	{ 251 99 537 534 536 }
N887(536)	{ 253 99 537 535 540 252 190 }
N887(537)	{ 535 536 538 252 534 }
N887(538)	{ 537 534 596 595 252 }
N887(539)	{ 596 240 252 711 540 56 }
N887(540)	{ 536 252 190 711 539 710 }
N887(541)	{ 102 255 782 254 202 }
N887(542)	{ 871 872 874 259 873 870 }
N887(543)	{ 599 544 598 873 259 691 }
N887(544)	{ 264 599 104 543 874 259 258 }
N887(545)	{ 531 464 290 574 35 142 }
N887(546)	{ 174 315 176 319 186 321 317 }
N887(547)	{ 644 359 665 228 362 }
N887(548)	{ 366 59 402 364 365 119 }
N887(549)	{ 649 645 648 860 646 647 }
N887(550)	{ 765 554 885 551 613 }
N887(551)	{ 554 555 877 843 885 550 372 }
N887(552)	{ 374 65 886 553 877 }
N887(553)	{ 587 374 649 62 886 648 552 }
N887(554)	{ 555 551 373 765 550 614 }
N887(555)	{ 554 373 843 698 551 }
N887(556)	{ 557 15 559 375 637 506 17 }
N887(557)	{ 556 558 375 814 376 15 }
N887(558)	{ 377 557 376 375 651 82 561 }
N887(559)	{ 375 17 556 560 380 23 }
N887(560)	{ 380 559 564 23 379 }
N887(561)	{ 375 651 558 652 380 562 }
N887(562)	{ 652 561 651 783 785 379 784 }
N887(563)	{ 477 662 160 81 785 564 784 }
N887(564)	{ 560 740 477 23 785 379 563 }
N887(565)	{ 569 568 656 394 653 678 677 21 }
N887(566)	{ 654 656 653 679 567 655 }
N887(567)	{ 656 679 566 680 393 394 }
N887(568)	{ 565 569 680 570 394 }
N887(569)	{ 565 21 36 570 568 92 }
N887(570)	{ 569 680 568 681 571 92 }
N887(571)	{ 680 420 681 573 570 }
N887(572)	{ 679 393 725 420 421 }
N887(573)	{ 422 420 681 423 571 }
N887(574)	{ 35 143 545 424 289 142 }
N887(575)	{ 425 424 91 289 291 }
N887(576)	{ 429 183 430 735 42 690 }
N887(577)	{ 193 194 527 690 188 430 }
N887(578)	{ 579 437 582 448 124 }
N887(579)	{ 578 437 580 124 438 }
N887(580)	{ 579 438 441 124 730 726 581 }
N887(581)	{ 231 441 443 730 729 580 }
N887(582)	{ 578 124 815 448 447 }
N887(583)	{ 452 316 451 94 179 426 175 }
N887(584)	{ 590 41 786 846 845 689 }
N887(585)	{ 586 687 788 846 789 688 }
N887(586)	{ 587 687 62 688 585 61 }
N887(587)	{ 586 62 553 588 61 374 }
N887(588)	{ 587 374 589 61 67 }
N887(589)	{ 588 590 61 807 67 39 }
N887(590)	{ 41 589 39 689 61 584 }
N887(591)	{ 378 285 520 133 128 }
N887(592)	{ 185 186 184 320 96 323 }
N887(593)	{ 189 100 188 735 594 690 }
N887(594)	{ 99 657 253 189 735 249 593 }
N887(595)	{ 57 237 534 596 240 538 }
N887(596)	{ 240 539 595 252 538 }
N887(597)	{ 249 737 250 735 }
N887(598)	{ 599 605 260 691 268 543 }
N887(599)	{ 260 104 598 544 543 }
N887(600)	{ 266 601 267 691 265 268 }
N887(601)	{ 268 600 606 333 267 }
N887(602)	{ 115 759 277 278 }
N887(603)	{ 759 219 604 821 48 220 }
N887(604)	{ 456 473 220 759 278 603 }
N887(605)	{ 268 261 260 598 668 333 337 }
N887(606)	{ 601 333 267 203 334 }
N887(607)	{ 608 64 720 719 692 }
N887(608)	{ 64 71 607 693 692 496 }
N887(609)	{ 692 693 695 370 694 }
N887(610)	{ 692 721 720 790 370 612 }
N887(611)	{ 857 859 858 860 646 371 }
N887(612)	{ 613 790 765 610 859 371 721 }
N887(613)	{ 765 612 860 371 885 550 647 }
N887(614)	{ 751 373 554 790 695 765 }
N887(615)	{ 650 697 749 738 696 }
N887(616)	{ 373 699 844 698 774 }
N887(617)	{ 511 137 510 618 385 389 }
N887(618)	{ 385 617 389 820 86 619 }
N887(619)	{ 620 389 820 618 388 }
N887(620)	{ 619 621 389 388 876 26 875 }
N887(621)	{ 511 389 620 632 512 26 }
N887(622)	{ 623 397 642 194 527 195 }
N887(623)	{ 397 622 716 324 195 }
N887(624)	{ 416 134 138 701 168 167 }
N887(625)	{ 230 437 439 438 441 445 }
N887(626)	{ 439 440 445 125 232 444 }
N887(627)	{ 463 461 498 74 853 497 852 }
N887(628)	{ 702 703 481 795 705 704 }
N887(629)	{ 740 739 741 797 742 794 }
N887(630)	{ 641 631 499 75 754 753 500 }
N887(631)	{ 500 512 641 630 640 }
N887(632)	{ 512 621 633 500 26 }
N887(633)	{ 632 500 754 755 813 812 26 }
N887(634)	{ 8 11 12 684 635 638 }
N887(635)	{ 502 72 11 684 507 634 }
N887(636)	{ 502 682 507 856 77 503 }
N887(637)	{ 556 17 506 684 683 638 }
N887(638)	{ 17 12 13 684 634 637 }
N887(639)	{ 508 308 462 641 499 513 }
N887(640)	{ 87 511 512 641 631 513 }
N887(641)	{ 631 630 640 499 639 513 }
N887(642)	{ 622 194 195 527 528 }
N887(643)	{ 409 408 667 242 241 532 }
N887(644)	{ 547 359 228 399 798 116 223 }
N887(645)	{ 649 62 549 857 233 646 }
N887(646)	{ 857 645 860 611 549 }
N887(647)	{ 648 860 549 885 613 372 }
N887(648)	{ 647 649 549 886 372 553 }
N887(649)	{ 645 62 549 553 648 }
N887(650)	{ 615 697 707 706 811 696 240 883 69 }
N887(651)	{ 558 561 783 562 82 }
N887(652)	{ 561 380 562 379 }
N887(653)	{ 656 566 676 654 677 390 565 }
N887(654)	{ 655 566 676 653 391 }
N887(655)	{ 654 391 679 566 392 }
N887(656)	{ 394 567 565 566 653 }
N887(657)	{ 253 594 189 658 190 100 }
N887(658)	{ 657 190 659 100 191 }
N887(659)	{ 528 195 100 187 191 658 }
N887(660)	{ 519 129 521 813 78 79 }
N887(661)	{ 662 160 664 155 80 }
N887(662)	{ 288 81 155 563 160 661 }
N887(663)	{ 156 283 829 842 664 841 }
N887(664)	{ 156 284 155 661 842 80 663 }
N887(665)	{ 547 530 362 228 840 666 117 }
N887(666)	{ 669 228 363 840 665 670 }
N887(667)	{ 60 245 242 241 643 532 }
N887(668)	{ 203 333 605 766 337 336 }
N887(669)	{ 228 363 666 223 806 799 368 }
N887(670)	{ 363 364 59 840 666 227 }
N887(671)	{ 367 673 806 779 368 }
N887(672)	{ 366 367 59 368 363 }
N887(673)	{ 367 401 671 780 779 405 }
N887(674)	{ 802 771 803 745 801 }
N887(675)	{ 34 486 391 32 772 744 676 }
N887(676)	{ 653 654 391 675 773 390 772 }
N887(677)	{ 653 565 678 773 390 745 }
N887(678)	{ 565 677 21 803 745 746 }
N887(679)	{ 393 567 572 566 655 392 421 }
N887(680)	{ 393 420 567 571 570 568 394 }
N887(681)	{ 425 423 91 573 571 570 92 }
N887(682)	{ 636 77 505 683 507 506 }
N887(683)	{ 682 506 684 507 637 }
N887(684)	{ 507 635 683 634 638 637 }
N887(685)	{ 686 788 845 787 789 }
N887(686)	{ 788 687 685 126 835 834 787 }
N887(687)	{ 586 62 233 126 788 585 686 }
N887(688)	{ 586 61 846 585 689 }
N887(689)	{ 61 590 846 688 584 }
N887(690)	{ 188 577 430 735 593 576 }
N887(691)	{ 600 268 598 265 873 543 872 }
N887(692)	{ 370 693 609 608 720 610 607 }
N887(693)	{ 692 608 694 609 496 }
N887(694)	{ 693 609 496 887 695 883 }
N887(695)	{ 609 790 614 370 751 887 694 884 }
N887(696)	{ 749 615 700 748 811 750 650 }
N887(697)	{ 706 650 615 774 699 738 }
N887(698)	{ 373 555 844 843 616 }
N887(699)	{ 751 373 706 774 616 697 }
N887(700)	{ 748 696 749 844 774 65 }
N887(701)	{ 168 624 88 167 }
N887(702)	{ 25 478 481 479 703 480 628 }
N887(703)	{ 702 480 704 628 483 }
N887(704)	{ 703 483 628 796 795 29 }
N887(705)	{ 481 741 795 628 794 }
N887(706)	{ 697 650 751 699 707 }
N887(707)	{ 650 706 884 751 69 }
N887(708)	{ 152 54 153 299 458 }
N887(709)	{ 196 37 710 191 56 }
N887(710)	{ 190 191 709 711 540 56 }
N887(711)	{ 540 539 710 56 }
N887(712)	{ 407 403 404 714 122 406 }
N887(713)	{ 409 241 714 122 410 }
N887(714)	{ 713 122 410 712 406 411 }
N887(715)	{ 413 135 767 412 164 }
N887(716)	{ 324 192 623 322 325 195 }
N887(717)	{ 331 329 297 723 105 332 }
N887(718)	{ 729 369 859 721 443 }
N887(719)	{ 720 369 607 728 442 64 }
N887(720)	{ 719 692 607 721 369 610 }
N887(721)	{ 369 610 720 859 612 718 }
N887(722)	{ 386 305 304 723 332 387 }
N887(723)	{ 717 332 722 724 387 105 }
N887(724)	{ 723 820 387 105 875 388 864 }
N887(725)	{ 420 572 422 421 139 }
N887(726)	{ 124 728 727 730 442 580 }
N887(727)	{ 516 124 63 728 64 726 }
N887(728)	{ 719 442 64 726 727 }
N887(729)	{ 443 718 369 730 442 581 }
N887(730)	{ 442 726 729 580 581 }
N887(731)	{ 732 489 826 27 488 }
N887(732)	{ 731 733 489 46 869 27 53 }
N887(733)	{ 732 768 489 819 46 490 }
N887(734)	{ 488 495 489 770 761 768 }
N887(735)	{ 249 594 593 690 576 737 597 736 42 }
N887(736)	{ 429 182 181 97 98 737 735 533 42 }
N887(737)	{ 597 250 735 533 736 42 }
N887(738)	{ 615 774 697 749 }
N887(739)	{ 13 740 23 742 629 24 }
N887(740)	{ 477 564 23 739 741 629 481 }
N887(741)	{ 740 481 794 705 629 }
N887(742)	{ 739 629 879 797 24 }
N887(743)	{ 879 880 882 878 881 }
N887(744)	{ 772 675 771 32 881 802 880 }
N887(745)	{ 771 773 677 772 803 674 678 }
N887(746)	{ 21 747 803 801 678 }
N887(747)	{ 21 20 746 882 19 801 }
N887(748)	{ 700 750 696 65 }
N887(749)	{ 615 696 774 700 738 }
N887(750)	{ 748 65 374 811 67 696 }
N887(751)	{ 614 373 699 706 884 707 695 }
N887(752)	{ 76 805 753 855 804 756 }
N887(753)	{ 75 754 76 630 805 752 501 }
N887(754)	{ 753 500 630 633 756 76 755 }
N887(755)	{ 756 76 505 754 633 814 812 15 }
N887(756)	{ 76 755 754 855 505 752 }
N887(757)	{ 60 242 449 758 244 440 436 }
N887(758)	{ 244 229 757 125 440 436 }
N887(759)	{ 602 277 278 219 603 604 }
N887(760)	{ 761 764 494 495 841 157 828 }
N887(761)	{ 494 760 495 770 734 33 }
N887(762)	{ 763 493 494 769 33 492 }
N887(763)	{ 493 762 764 158 494 }
N887(764)	{ 157 760 158 494 763 }
N887(765)	{ 550 554 613 790 614 612 }
N887(766)	{ 337 262 668 207 272 336 }
N887(767)	{ 715 384 164 84 867 412 781 }
N887(768)	{ 489 733 490 770 734 769 }
N887(769)	{ 762 492 491 490 770 768 33 }
N887(770)	{ 734 761 768 33 769 }
N887(771)	{ 772 745 802 674 744 }
N887(772)	{ 771 744 675 773 676 745 }
N887(773)	{ 390 677 676 745 772 }
N887(774)	{ 699 697 738 749 844 616 700 }
N887(775)	{ 293 144 294 776 145 49 }
N887(776)	{ 145 264 775 146 147 49 }
N887(777)	{ 400 121 780 819 816 221 }
N887(778)	{ 400 121 116 799 779 798 }
N887(779)	{ 780 121 673 778 806 799 671 }
N887(780)	{ 121 779 673 816 777 405 }
N887(781)	{ 83 84 166 867 767 866 }
N887(782)	{ 541 254 202 460 382 381 161 }
N887(783)	{ 651 378 82 784 81 562 }
N887(784)	{ 81 783 785 562 563 }
N887(785)	{ 379 564 562 563 784 }
N887(786)	{ 41 492 491 43 845 787 584 }
N887(787)	{ 835 686 43 845 685 786 }
N887(788)	{ 687 686 789 685 585 }
N887(789)	{ 788 685 846 585 845 }
N887(790)	{ 614 695 765 370 610 612 }
N887(791)	{ 163 386 305 792 385 136 }
N887(792)	{ 385 791 793 137 136 }
N887(793)	{ 28 417 414 137 792 136 }
N887(794)	{ 741 795 705 797 482 629 }
N887(795)	{ 705 628 794 796 482 704 }
N887(796)	{ 482 487 795 29 704 }
N887(797)	{ 487 482 629 794 879 32 742 }
N887(798)	{ 116 644 799 778 223 }
N887(799)	{ 778 798 223 806 779 669 }
N887(800)	{ 115 457 277 276 218 58 }
N887(801)	{ 803 674 746 802 882 881 747 }
N887(802)	{ 771 674 881 801 744 }
N887(803)	{ 674 745 801 678 746 }
N887(804)	{ 805 854 853 855 504 752 }
N887(805)	{ 752 753 853 501 804 }
N887(806)	{ 799 779 669 671 368 }
N887(807)	{ 55 39 589 811 67 66 }
N887(808)	{ 88 865 810 165 866 167 166 }
N887(809)	{ 169 307 168 810 88 306 }
N887(810)	{ 88 809 865 306 808 }
N887(811)	{ 67 750 807 696 650 240 66 }
N887(812)	{ 813 633 814 78 755 }
N887(813)	{ 660 78 79 812 633 26 }
N887(814)	{ 376 377 557 78 812 755 15 }
N887(815)	{ 446 243 517 448 582 447 }
N887(816)	{ 780 819 777 832 47 405 }
N887(817)	{ 832 833 834 836 835 831 }
N887(818)	{ 490 819 836 43 831 }
N887(819)	{ 816 777 221 46 733 490 831 47 818 }
N887(820)	{ 86 387 618 724 388 619 }
N887(821)	{ 48 603 220 106 822 847 51 823 }
N887(822)	{ 52 106 823 821 108 }
N887(823)	{ 822 821 848 847 108 }
N887(824)	{ 522 825 826 827 829 523 828 }
N887(825)	{ 522 79 826 824 27 }
N887(826)	{ 825 27 731 827 824 488 }
N887(827)	{ 826 488 828 824 495 }
N887(828)	{ 827 495 824 841 829 760 }
N887(829)	{ 283 282 523 824 841 663 828 }
N887(830)	{ 171 172 450 173 314 247 }
N887(831)	{ 819 832 47 836 817 818 }
N887(832)	{ 47 816 831 405 833 406 817 }
N887(833)	{ 411 406 832 834 127 817 }
N887(834)	{ 127 126 833 835 686 817 }
N887(835)	{ 834 686 787 836 817 43 }
N887(836)	{ 835 817 43 831 818 }
N887(837)	{ 208 68 838 111 70 }
N887(838)	{ 110 432 111 107 70 837 }
N887(839)	{ 107 52 70 106 58 }
N887(840)	{ 666 665 670 117 227 }
N887(841)	{ 829 760 828 842 157 663 }
N887(842)	{ 80 157 664 841 663 }
N887(843)	{ 555 698 877 551 844 }
N887(844)	{ 698 616 774 700 877 843 65 }
N887(845)	{ 685 787 786 846 789 584 }
N887(846)	{ 789 585 845 688 689 584 }
N887(847)	{ 198 51 821 848 823 851 103 292 }
N887(848)	{ 847 823 103 871 870 108 }
N887(849)	{ 850 103 874 258 870 }
N887(850)	{ 849 258 145 851 103 293 }
N887(851)	{ 103 847 850 292 293 }
N887(852)	{ 73 74 853 627 16 }
N887(853)	{ 497 501 627 805 852 854 804 16 }
N887(854)	{ 804 853 16 856 504 503 }
N887(855)	{ 504 505 804 756 752 }
N887(856)	{ 504 854 77 503 636 }
N887(857)	{ 645 233 646 858 611 232 }
N887(858)	{ 857 444 232 859 611 443 }
N887(859)	{ 371 612 611 721 718 443 858 }
N887(860)	{ 611 646 371 549 647 613 }
N887(861)	{ 147 296 146 862 864 105 863 }
N887(862)	{ 146 263 262 861 863 869 868 53 }
N887(863)	{ 861 862 875 864 868 }
N887(864)	{ 105 861 875 724 863 }
N887(865)	{ 74 461 73 306 810 808 165 }
N887(866)	{ 167 808 166 867 134 781 }
N887(867)	{ 412 415 767 134 866 781 }
N887(868)	{ 869 862 863 876 875 27 }
N887(869)	{ 868 862 27 53 732 }
N887(870)	{ 103 871 848 874 849 542 }
N887(871)	{ 870 848 872 108 542 }
N887(872)	{ 265 108 871 873 542 691 }
N887(873)	{ 543 872 691 874 259 542 }
N887(874)	{ 259 544 873 258 849 870 542 }
N887(875)	{ 388 724 864 863 876 620 868 }
N887(876)	{ 620 26 875 79 27 868 }
N887(877)	{ 843 551 844 65 886 372 552 }
N887(878)	{ 5 7 879 24 882 743 19 }
N887(879)	{ 878 797 742 24 880 32 743 }
N887(880)	{ 32 879 881 744 743 }
N887(881)	{ 802 744 880 882 743 801 }
N887(882)	{ 743 878 881 19 747 801 }
N887(883)	{ 650 496 71 887 694 69 }
N887(884)	{ 707 751 887 695 69 }
N887(885)	{ 550 551 613 372 647 }
N887(886)	{ 648 372 553 877 552 }
N887(887)	{ 694 695 883 884 69 }
