
****************************************************
***             Voronoi Diagram k =  471         ***
*** index      sx      sy         ls         mi  ***
****************************************************
        1     219      22         55        172
        2     235      72       45.6        169
        3     141     128       8.83        308
        4      14      11       19.2         90
        5      71     167       19.1        210
        6      21     116       38.1        153
        7       5     242       14.8         74
        8     246     184       26.3        157
        9     158     249       15.7        185
       10      74     249         17        215
       11     175     142       12.5        256
       12     131     171       15.4        204
       13      97     124       24.6        165
       14     152      80       24.1        174
       15     129     221       6.48        210
       16     139     203       14.5        156
       17     169     206       8.49        205
       18     157     122       5.57        297
       19     150     140          4        508
       20     145     144        4.9        409
       21     117     140       18.1        188
       22     134     116       12.9        219
       23     140     224       4.24        331
       24     122     250       13.9        218
       25     102     208       11.5        159
       26     203     246       18.9        128
       27     163     213       7.48        206
       28     155     192         15        179
       29     191     190       4.24        629
       30     133     215       9.54        161
       31     130     231       5.29        337
       32     119     227       3.16   1.11e+03
       33     122     215       9.27        169
       34     125     204       12.6        155
       35     164     138       9.33        272
       36     163     148       10.5        232
       37     158     156       10.9        226
       38     148     139       3.74        683
       39     152     136       5.29        390
       40     150     160       11.2        204
       41     135     153       8.89        318
       42     140     142       4.24        458
       43     145     141       3.32        762
       44     113     204       13.9        155
       45     109     224       3.87        549
       46     101     228       5.74        355
       47      79     213       7.35        230
       48      98     194       16.4        177
       49     215     199       17.3        155
       50     195     206       6.63        210
       51     181     190        5.1        368
       52     180     185       4.58        357
       53     190     174       4.36        326
       54     212     168       10.9        209
       55     145      22       39.8        138
       56      97      78       19.6        198
       57     184     246       18.8        128
       58     191     228       14.4        159
       59     203     223       15.5        141
       60     239     244       24.2        148
       61     203     189       7.35        223
       62     194     194       5.48        288
       63     188     194       4.24        746
       64     188     190       3.74        619
       65     189     184        5.1        475
       66     196     185       3.74        403
       67     138     249       14.2        231
       68     127     239       10.2        197
       69     127     227       4.47        743
       70     132     226          5        623
       71     123     226       3.61   1.03e+03
       72     120     236       7.14        196
       73     115     240       9.64        201
       74     117     224       3.74        478
       75     112     222       4.12        283
       76     110     231        4.9        301
       77     103     223       5.48        385
       78     109     220        4.8        261
       79     201     211       11.7        181
       80     188     218        9.8        191
       81     185     201       3.32        727
       82     187     199       3.61        729
       83     199     201       8.06        206
       84     185     188       4.47        447
       85     184     195       4.69        588
       86     182     198       3.87        650
       87     169     195       9.38        196
       88     169     188       9.49        208
       89     104      58       17.1        144
       90      71      37          4        507
       91      85       8       18.9        120
       92      42      14       14.9        114
       93     149     227       4.24        567
       94     146     230       4.24        326
       95     137     228       4.24        617
       96     136     224          5        250
       97     140     218          7        186
       98     146     215       8.31        178
       99     116     228       2.45        954
      100     244     142       30.3        163
      101     226     175       21.8        156
      102     209     176       9.27        218
      103     203     173       5.48        267
      104     199     160       3.87        531
      105     217     141       19.7        164
      106      59      46       9.22        156
      107      49      36       3.61        674
      108     218     243       19.9        166
      109     216     213       15.6        142
      110     240     209       23.9        149
      111     124     223       4.69        316
      112     120     222        5.2        231
      113     115     226          2        994
      114     114     217       8.25        182
      115     114     225       2.83        714
      116     185     206          5        378
      117     180     209       5.39        383
      118     181     203       4.12        509
      119     179     201       3.87        465
      120     175     199       6.32        277
      121     178     194       6.08        273
      122      23      26       11.2        212
      123     134     233       6.16        190
      124     144     136       4.47        542
      125     147     134       4.58        515
      126     143     140       3.32        684
      127      90     210       10.3        172
      128      86     219       7.42        284
      129      78     230       11.9        211
      130      56     228       9.95        209
      131      51     196       13.3        156
      132      77     195       13.2        164
      133      42      83         30        139
      134      29      44       6.48        193
      135     221     225         18        141
      136     243     226       21.4        154
      137     191     199       5.39        297
      138      85      35       4.12        241
      139      64      33       4.24        352
      140      65      27       5.74        176
      141      68      18       13.7        130
      142      57       8       16.5        117
      143      54      22       9.85        157
      144      36      30        5.1        268
      145     159     232       7.81        204
      146     154     234       8.19        204
      147     146     225       2.83        356
      148     152     220       5.83        238
      149     149     233       5.92        214
      150     147     242         11        203
      151     142     229       4.58        548
      152     145     226          3        542
      153     118     230       3.74        359
      154     114     230       4.12        272
      155      72      59       15.6        143
      156      64      76         23        153
      157      52      57       17.4        132
      158      60      34       3.87        583
      159      46      49       8.37        157
      160      38      36       3.74        640
      161      23     250       16.8       95.1
      162       2     201       3.74        325
      163      17     227       9.59        170
      164     156     142       7.48        296
      165     151     144       5.57        353
      166     170     215       6.71        309
      167     170     221       5.83        283
      168     159     218       6.08        240
      169     152     209       10.7        175
      170     160     205       10.1        164
      171     121     229       3.61        459
      172     194     176       3.32        447
      173     192     179       4.47        424
      174     187     178        4.9        423
      175     181     171       6.56        222
      176     183     165       8.19        219
      177     193     170       3.61        444
      178      76      37       4.24        475
      179      72      43       5.83        174
      180      68      38       4.36        259
      181      70      34       2.83        553
      182      72      32       3.61        264
      183     201     177        4.9        287
      184     198     170       4.47        547
      185     202     169       5.48        294
      186     217     158       17.3        173
      187     199     164          4        467
      188     196     165       4.24        509
      189     187     160       5.57        257
      190     195     149       5.83        349
      191      53      37       3.87        457
      192      51      42          6        180
      193      47      39       3.32        306
      194      46      34       2.65        524
      195      49      33       3.87        362
      196      30      12       16.2        106
      197      28      34        5.2        359
      198       5      40       7.21        401
      199      67     225       9.95        251
      200      63     238       14.8        182
      201      49     249       18.4        157
      202      35     221          9        300
      203      61     215        5.2        585
      204      35      48       7.48        168
      205       7      46       8.66        322
      206      30      38       4.36        581
      207     114      13       27.1        126
      208     102      33       14.6        156
      209      93      41       8.19        285
      210      86      42       7.68        177
      211      81      36       3.46        451
      212      80      30       5.66        200
      213      81      21       11.5        143
      214      67      33       3.87        338
      215      65      36       3.32        712
      216      61      26       6.93        194
      217     156     221       4.36        457
      218     153     225       5.66        402
      219      62      37       3.32        512
      220      57      36       2.65        625
      221      58      30          5        232
      222      41      33       3.87        384
      223      41      38       2.83        435
      224      37      41       5.39        236
      225      34      36       3.32        595
      226     194     188       4.36        549
      227     106     226       3.74        525
      228     125     230        5.1        315
      229     104     249       14.7        189
      230     107     229        4.9        373
      231     138     231          4        263
      232     195     161       4.36        537
      233     194     157       4.47        453
      234     200     157       4.69        304
      235     176     207       6.32        302
      236     140     236       8.49        201
      237     112     228       3.46        693
      238     196     178       3.87        523
      239      67      46       8.54        167
      240      55      40       4.58        192
      241      53      34       2.65        695
      242      46      42        4.8        186
      243      45      37       2.45        509
      244      45      35       1.73        700
      245      45      30       3.74        301
      246      53      30        4.8        240
      247      46      27       6.16        203
      248      50      26       5.74        212
      249      13      40       5.66        441
      250       6      34       8.37        302
      251      67     216       6.71        460
      252      60     221          7        291
      253      53     216          3        540
      254      60     202       8.72        159
      255      64     211       6.08        261
      256      17      53       12.2        167
      257      14      80       28.5        155
      258      15      44       6.86        385
      259      70      28       5.83        210
      260      64      41       5.29        218
      261      59      38       3.74        291
      262      55      34       2.83        568
      263      42      29       4.36        249
      264      42      35       2.45        656
      265      38      26       8.37        203
      266      42      37       1.73        588
      267      42      41          5        182
      268     172     126       12.2        204
      269     157     127       5.66        379
      270     151     126       6.63        355
      271     146     120        9.9        290
      272     151     110       12.5        234
      273     177     100       20.6        172
      274     139     146          6        384
      275     132     146       9.43        277
      276     137     139       4.69        381
      277      33      40       4.36        427
      278      29      57       17.8        139
      279      23      45       7.42        214
      280      25      41       4.58        523
      281      93      24       14.5        128
      282      91      34       7.75        223
      283      87      37       4.47        373
      284      85      30       6.86        187
      285      15     161       31.6        161
      286      17     202       6.32        461
      287       4     215       8.19        280
      288      77      42       5.29        199
      289      75      34       3.61        377
      290      24      37        5.2        509
      291      30      28       7.81        239
      292      44     224       8.12        234
      293      46     233       12.2        157
      294      35     234       13.2        137
      295      40     216       6.63        317
      296      81      39        4.8        431
      297      79      34       3.32        300
      298     198     191       5.48        253
      299      56     213       4.12        474
      300      55     218        5.1        310
      301      50     222       6.56        269
      302      47     214        4.9        399
      303     165     114       14.6        192
      304     162     124       7.55        275
      305     155     118       7.81        271
      306     102     235       8.12        205
      307      90     244       15.5        187
      308      94     227       5.83        326
      309      96     224       5.74        403
      310     108     237       7.81        196
      311      97     218       8.43        221
      312     105     217       7.62        201
      313       6     183       14.9        216
      314       5     203       3.61        450
      315     204     163       7.28        259
      316       7      56         15        180
      317      70     209       6.32        224
      318      66     201         10        140
      319      29     192       10.4        155
      320      17     209       7.94        298
      321      12     204        5.1        464
      322      12     190       9.33        208
      323      20      40       5.74        512
      324      19      33       7.42        273
      325      35     210       7.81        273
      326      25     214       9.33        291
      327      33     197       7.87        195
      328      59     211        4.9        252
      329      52     213       4.24        289
      330      55     207       6.78        203
      331     188      63       38.6        150
      332     162      93       20.2        179
      333     143     102       14.1        220
      334     135      91       14.5        199
      335     162      47       36.7        148
      336     155     132        6.4        333
      337     149     131       5.66        395
      338      84     205         11        161
      339      80     219       6.86        344
      340      74     220       7.42        311
      341      73     214          6        384
      342      75     207       8.06        181
      343     199     183        5.2        333
      344     194     183       4.12        528
      345     148     222       4.36        249
      346     144     222       4.24        234
      347     165     219        5.1        414
      348     163     222       4.12        437
      349     160     222       3.61        477
      350     207     155       8.19        232
      351     201     152       5.57        283
      352      96     233       8.12        212
      353      86     232       9.95        214
      354      89     224       7.35        325
      355      38     176       20.4        176
      356      24     201       6.48        382
      357      21     196       7.94        216
      358      22     185       14.8        171
      359      41     197       11.7        165
      360      32     205       7.21        293
      361      26     205       6.56        370
      362     150     174         15        177
      363     140     186       15.5        182
      364     125     188       15.2        174
      365     114     181       16.4        177
      366     106     170         16        211
      367     107     154         19        235
      368     124     158       15.4        293
      369     138     162       11.6        219
      370     149     149       7.68        281
      371     143     151       7.81        271
      372     184     183        4.8        445
      373     176     186       7.14        230
      374     165     178       12.7        196
      375     180     180       5.39        287
      376      83      53       10.6        159
      377      14      35       6.86        304
      378       8      26       13.5        168
      379     188     113       15.1        184
      380     183     125       12.3        214
      381     131     139       8.25        252
      382     127     127         14        196
      383      77      47       8.12        174
      384      75      28       6.63        185
      385      50     216          4        431
      386      45     218       5.29        345
      387      42     209       7.62        236
      388      48     208       7.55        216
      389     212     187       13.1        176
      390     204     181       6.56        221
      391     141     137          4        473
      392       4     198       4.58        237
      393     179     224       9.27        196
      394     175     231       11.1        191
      395     177     216       7.81        275
      396     195     172       2.83        518
      397     189     170       4.24        291
      398     191     166       4.69        373
      399     197     145       6.48        305
      400     192     153        5.2        387
      401     186     148       8.25        275
      402     187     139         11        233
      403     196     138       8.25        271
      404      40      50       9.75        142
      405     169     240       13.8        172
      406     160     225       5.29        268
      407     206     149       8.37        226
      408     203     143       9.43        205
      409     231     114         35        164
      410     199     132       10.3        197
      411     199      97       28.4        152
      412     191     210       7.21        205
      413     184     212        6.4        245
      414     188     204          5        279
      415       3     194       7.28        241
      416     197     154       4.12        437
      417     168     224          6        221
      418     165     230       7.62        197
      419     203     114       16.5        159
      420     192     124       9.22        228
      421     197     174       3.74        542
      422     185     172        4.8        310
      423     183     177       4.69        416
      424     176     175       8.83        236
      425     168     166       12.3        228
      426     125     107       10.9        198
      427     115      95         12        217
      428     132      74       20.5        167
      429     208     124       16.2        161
      430     197     123       8.94        224
      431      93     179         15        197
      432      81     183       15.2        212
      433      63     185       15.5        158
      434      56     174       15.4        215
      435      52     161       22.7        146
      436      50     136       33.7        151
      437      81     143       26.8        155
      438      89     163       18.3        219
      439     190     162        4.8        353
      440     173     157         11        214
      441     181     153       8.72        235
      442     188     156       5.74        315
      443     116     114       16.3        195
      444     124      97          9        286
      445     131     101       9.95        231
      446     122      90       11.9        260
      447     104     104         20        175
      448      75     101       32.3        167
      449     110      84       17.3        229
      450     202     196       8.43        217
      451     124      58       23.6        168
      452      87      68       17.5        163
      453      93      53       11.3        155
      454     100      45       11.3        217
      455     114      42       21.4        160
      456      27     225       9.27        299
      457      25     237       11.7        117
      458      14     239       11.8        102
      459       7     225       11.5        223
      460      13     219       8.19        293
      461      21     221       7.62        313
      462     133     135       6.63        261
      463     138     133       6.24        341
      464       7     201       2.45        392
      465       7     207        5.1        345
      466       2     207          5        302
      467      10     211       6.86        298
      468       9     201          3        399
      469      12     198       6.24        267
      470      32      34       3.61        390
      471     164     131       8.37        288
****************************************************

